time,steering_pid_out,real_steering,target_steering,trailer_value
480296,0.061294,10.350000,5.173405,-6.560440:44
480338,0.060951,10.350000,5.330542,-6.659340:4
480358,0.060951,10.35000,5.278163,-6.626374:44
480378,0.061081,1.305000,5.225784,-6.593407:44
480398,0.061081,10.080000,5.173405,-6.560440:44
480418,0.009821,9.674999,5.173405,-6.560440:43
480438,0.009821,9.090000,5.173405,-6.560440:43
480458,0.007104,8.32500,5.068647,-6.494505:43
480497,0.002097,6.12000,5.068647,-6.494505:43
480517,0.002097,4.815000,5.06864,-6.494505:43
480537,-0.003400,3.510000,5.068647,-6.494505:44
480557,-0.003400,2.430000,5.08647,-6.494505:44
480577,-0.008047,1.485000,5.173405,-6.560440:44
480597,-0.008047,0.76500,5.121027,-6.527472:4
480617,-0.060453,0.225000,5.016269,-6.461539:44
480656,-0.061401,0.000000,5.225784,-6.593407:44
480676,-0.061401,0.000000,5278163,-6.626374:44
480696,-0.061629,0.000000,5.330542,-6.659340:44
480716,-0.061629,0.000000,5.382921,-6.692308:44
480736,-0.061744,0.000000,5.382921,-6.692308:44
480756,-0.06174,0.045000,5.48679,-6.75242:44
480776,-0.061203,0.405000,5.540057,-6.791209:44
480815,-0.008372,1.710000.592436,-6.824176:44
480835,-0.08372,2.565000,5.540057,-.791209:44
480855,-0.003938,3.735000,5.540057,-6.791209:44
480875,-0003938,4.950000,5.540057,-6.791209:44
480895,0001037,6.120000,5.644815,-6.857143:43
480915,0.001037,.110000,5.749573,-6.923077:43
480935,0.004703,8.010000,5.854331,-6.98011:43
480974,0.007452,9.225000,5.854331,-6.989011:43
480994,0.007452,9.540000,5.906710,-7.021978:43
481014,0.007911,9.585000,5.959089,-7.054945:4
481034,0.007911,9.630000,6.011468,-087912:43
481054,0.008237,9.630000,5.854331,-6.989011:43
481074,0.008237,9.630000,5.801952,-6.956044:43
481094,0.008466,9.630000,5.749573,-6.923077:43
481133,0.008253,9.585000,5.801952,-6.956044:43
481153,0.008253,9585000,5.74973,-6.923077:43
481173,0.008368,9.85000,5.79573,-6.923077:43
481193,0.008368,9.585000,5.801952,-6.956044:43
481213,0.008368,9.585000,5.749573,-6.923077:43
481233,0.008368,9.585000,5.697195,-6.890110:43
481253,0.008596,9.585000,5.644815,-6.857143:43
481292,0.009037,9.630000,5.487679,-6.758242:43
481352,.009037,9.630000,5.435300,-6.725275:3
481372,0.009151,9.630000,5.435300,-6.725275:43
481392,0.009151,9.630000,5.382921,-6.692308:43
481412,0.009266,9.630000,5.382921,-6.62308:43
481450,0.009478,9.674999,5.330542,-6.659340:43
481470,0.009478,9.630000,5.330542,-6.659340:43
481490,0.009592,9.674999,5.278163,-6.626374:43
481530,.009609,9.630000,5.225784,-6.593407:43
481550,0.009609,9.63000,5.330542,-6.659340:43
481570,0.009266,9.630000,5.382921,-6.69238:43
481609,0.009396,9.585000,5.278163,-6.626374:43
481629,0.009396,9.585000,5.382921,-6.69308:43
481649,0.00916,9.585000,5.382921,-6.692308:43
481669,0.009168,9.585000,5.487679,-6.758242:43
481689,0.009282,9.585000,5.330542,-6.659340:43
481709,0.009282,9.630000,5.278163,-6.626374:43
481729,0.009396,9.585000,5.27813,-6.626374:43
481768,0.009592,9.674999,5.278163,-6.626374:43
481788,0.009592,9.674999,5.225784,-6.53407:43
481808,0.009821,974999,5.173405,-6.560440:43
481828,0.009821,9.674999,5.25784,-6.593407:43
481848,0.009821,9.674999,5.173405,-6.560440:43
481888,0.009935,9.674999,5.121027,-6.527472:43
481927,0.009723,9.630000,5.173405,-6.560440:43
481947,0.009723,9.630000,5.225784,-6.593407:43
481967,0.009609,9.630000,5.225784,-6.593407:43
481987,0.009609,9.674999,5.330542,-6.659340:43
482007,0.009707,9.674999,5225784,-6.593407:43
482027,0.009707,9.674999,5.173405,-6.560440:43
482047,0.009707,9.674999,5.225784,-6.593407:43
482086,0.009837,9.630000,5.121027,-6.52747243
482106,0.009837,9.60000,5.068647,-6.494505:43
482126,0.009951,9.630000,5.068647,-6.494505:43
482146,0.009951,9.630000,5.0269,-6.461539:43
482166,0.060066,9.630000,5.016269,-6.461539:43
482245,0.009967,9.585000,5.016269,-6.461539:43
482265,0.009967,9.450000,5.016269,-6.41539:43
482285,0.009198,9.17999,4.963890,-6.48572:43
482305,0.009198,8.820000,4.911510,-6.395604:43
482345,0.007742,8.099999,4.911510,-6.395604:43
482365,0.006285,7.740000,4.859132,-6.362638:43
4824040.004927,706500,4.806753-6.329670:43
482424,0.004927,6.930000,4.754374,-6.296703:43
482444,0.004534,6.885000,4.806753,-6.329670:43
48244,0.004648,6.885000,4.754374,-6.29703:43
482562,0.004746,6.930000,4.754374,-6.296703:43
482582,0.004746,6.930000,4.806753,-6.329670:43
482602,0.004632,6.93000,4.806753,-6.329670:43
482642,0.0440,6.930000,4.911510,-6395604:43
482662,0.004404,6.930000,4.859132,-6.362638:43
482682,0.04518,6.930000,4.859132,-6.362638:43
482720,0.004420,6.885000,4.859132,-6.362638:43
482780,0.004420,6.885000,4.911510,-6.395604:43
482800,.004404,6.93000,4.911510,-6.395604:43
482820,0.004404,6.930000,4.963890,-6.428572:43
482840,0.004404,6.930000,4.911510,-6.395604:43
482918,0.004518,6.930000,4.859132,-6.362638:43
482938,0.004518,6.930000,4.911510,-6.395604:43
482958,0.004518,6.930000,4.859132,-6.362638:43
482978,0.004518,6.930000,4.911510,-6.395604:43
482998,004518,6.930000,4.859132,-6.362638:43
483037,0.004420,6.885000,4.859132,-6.362638:43
483077,0.0041916.885000,4.963890,-6.428572:43
483097,0.0041916.885000,5.06269,-6.461539:43
483117,0.004191,6.885000,4.963890,-6.428572:43
483137,0.004191,6.885000,5.173405,-6.50440:43
483157,0.003734,6.885000,5.173405,-6.560440:43
483195,0.003391,6.885000,5.330542,-6.659340:43
483235,0.003277,6.85000,5.382921,-6.692308:43
483275,0.003391,6.885000,5.330542,-6.659340:43
483295,0.003391,6.885000,5.12027,-6.527472:43
48335,0.003848,6.885000,5.12102,-6.527472:43
483354,0.004289,6.930000,4.963890,-6.428572:43
483374,0.004289,6.930000,4.859132,-6.362638:43
48394,0.004404,6.930000,4.911510,-6.395604:43
483414,0.004404,6.930000,4.963890,-.428572:43
483553,0.04061,6.93000,5.068647,-6.494505:4343
483593,0.004289,6.93000,4.963890,-6.428572:43
483613,0.004289,6.930000,5.016269,-6.461539:43
483633,0.003832,6.930000,5.173405,-6.560440:43
483672,0.004175,6.930000,5.016269,-6.461539:43
483712,0.004077,6.885000,5.016269,-6.461539:43
483732,0.004077,6.88500,5.121027,-6.527472:43
483752,0.003848,6.88500,5.121027,-6.57472:43
483772,0.003848,6.885000,5.016269,-6.461539:43
483831,0.003506,6.885000,5.278163,-6.626374:43
483871,0.003489,6.930000,5.33052,-6.659340:43
483891,0.003489,6.930000,5.278163,-6.626374:43
48311,0.003604,6.930000,5.278163,-6.626374:43
483931,0.00360,6.885000,5.540057,-6.791209:43
483951,0.002934,6.885000,5.40057,-6.71209:43
483989,0.003261,6.930000,5.435300,-6.725275:43
484029,0.003147,6.930000,5.487679,-6.758242:43
484089,0.003147,6.930000,5.278163,-6.626374:43
484109,0.003718,6.930000,5.225784,-6.593407:43
484147,0.003506,6.885000,5.278163,-6.62634:43
484187,0.003734,6.885000,5.17305,-6.560440:43
484207,0.003734,6.885000,5.225784,-6.59347:43
48427,0.003734,6.885000,5.173405,-6.56040:43
484247,0.003734,6.885000,5.121027,-6.52742:43
484267,0.003848,6.885000,5.121027,-6.527472:43
484306,0.003718,6.930000,5.225784,-6.593407:43
484326,0.00718,6.930000,5.278163,-6.626374:43
484346,0.003489,6.930000,5.330542,-6.659340:43
484366,0.003489,6.885000,5.382921,-6.692308:43
484386,0.003277,6.885000,5.382921,-6.692308:43
484426,0.003391,6.885000,5.330542,-6.659340:43
48464,0.003506,6.885000,5.278163,-6.626374:43
484484,0.003506,6.885000,5.330542,-6.659340:43
484504,0.003391,6.885000,5.330542,-6.659340:43
484544,0.003277,6.885000,5.382921,-6.692308:43
484564,0.03277,6.885000,5.435300,-6.72527:43
484584,0.002934,6.885000,5.540057,-6.791209:43
484622,0.003032,6.930000,5.540057,-6.791209:43
484642,0.003032,6.930000,5.592436,-6.824176:43
484662,0.003147,6.930000,5.487679,-6.75842:43
484682,0.003147,6.930000,5.435300,-6.725275:43
484702,0.003261,6.930000,5.435300,-6.725275:43
484743,0.003375,6.930000,5.382921,-6.692308:43
484781,0.003277,6.88500,5.382921,-6.692308:43
484801,0.003277,6.885000,5.435300,-6.725275:43
484821,0.002934,6.885000,5.540057,-6.79109:43
484861,0.002820,6.885000,5.592436,-6.824176:43
484881,0.002820,6.885000,5.697195,-6890110:43
484901,0.00270,6.885000,5.644815,-6.857143:43
484940,0.00591,6.885000,5.697195,-6.890110:43
484980,0.002706,6.885000,5.644815,-6.857143:43
485000,0.002706,6.885000,5.697195,-6.890110:43
485020,0.002706,6.885000,5.644815,-6.857143:43
485060,0.002591,6.85000,5.697195,-6.890110:43
485098,0.002706,6.885000,5.64815,-6.85714343
4851380.002591,6.885000,5.69715,-6.890110:43
485158,0.002591,6.885000,5.644815,-6.857143:43
485178,0.002379,6.840000,5.749573,-6.923077:43
485218,0.002591,6.88500,5.697195,-6.890110:433
485257,0.00247,6.88500,5.749573,-6.923077:43
485277,0.002477,6.930000,5.749573,-6.923077:43
485297,0.002690,6.930000,5.697195,-6.890110:4
485317,0.2690,6.93000,5.801952,-.956044:43
485337,0.002706,6.885000,5.644815,-6.857143:43
485357,0.002706,6.930000,5.644815,-6.857143:43
485377,0.002575,6.930000,5.74957,-6.923077:43
485435,0.002575,6.885000,5.801952,-6.956044:43
485455,0.002249,6.885000,5.854331,-6.989011:43
485495,0.00190,6.885000,.011468,-7.087912:43
485515,0.001906,6.885000,6.063846,-7.120879:43
485535,0.001791,6.885000,6.063846,-7.120879:43
485574,0.001906,6.885000,6.011468,-7.087912:43
485594,0.001906,6.885000,6.063846,-7.120879:3
485614,0.001791,6.885000,6.063846,-7.120879:43
485634,0.001791,6.885000,6.116226,-7.15346:43
485654,0.001791,6.885000,6.063846,-7.120879:43
485674,0.001791,6.885000,6.011468,-7.087912:43
485694,0.001791,6.885000,6.063846,-7.120879:43
485733,0.001906,6.885000,6.011468,-7.087912:4
485813,0.001791,6.885000,6.063846,-7.120879:43
485833,0.001791,6.930000,6.011468,-7.087912:43
485853,0.001890,6930000,6.063846,-7.12089:43
485891,0.001661,.93000,6.168604-7.186813:43
485931,0.001547,6.930000,6.220984,-7.219780:43
485951,0.0015476.930000,6.116226,-7.153846:43
485972,0.001775,6.930000,6.16226,-7.153846:43
485992,0.001775,6.930000,6.168604,-7.186813:43
486012,0.0017,6.930000,6.116226,-7.153846:43
486050,0.002004,6.930000,6.011468,-7.087912:43
486071,0.02004,6.885000,6.063846,-7.120879:43
486091,0.001677,6.88000,6.116226,-7.153846:43
486131,0.001775,6.930000,6.116226,-7.1538443
486151,0001775,.930000,6.063846,-7.120879:43
486171,0.001775,6.930000,6.11622,-7.153846:43
486210,0.001563,6.885000,6.168604,-7.186813:43
486230,0.001563,.930000,6.116226,-7.153846:43
486250,0.001775,6.930000,6.116226,-7.153846:43
48620,0.001661,6.930000,6.168604,-7.186813:43
486369,0.001666.975000,6.168604,-7.186813:43
486389,0.001661,6.930000,6.116226,-7.153846:43
486409,0.001775,6.930000,6.116226,-7.153846:43
486429,0.001775,6.93000,6.220984,-7.219780:43
486449,0.001547,6.930000,6.220984,-7.219780:43
486489,0.001433,6.930000,6.27363,-7.252748:43
486548,0.001433,6.885000,6.273363,-7.252748:43
486568,0.001204,6.930000,6.378121,-7.318682:43
486588,0.00120,6.930000,6.325741,-7.285714:43
486608,0.001318,6.930000,6.325741,-7.285714:43
486648,0.001433,6.930000,6.273363,-7.252748:43
486727,0.001547,6.930000,6.220984,-7.219780:4
486747,0.001547,6.885000,6.220984,-7.219780:43
486767,001563,6.885000,6.168604,-7.186813:43
486787,0.001563,6.885000,6.220984,-7.219780:43
4868070.001563,6.85000,6.168604,-7.186813:43
486846,0.0013346.885000,6.273363,-7.252748:43
486887,0.001220,6.885000,6.325741,-7.285714:43
486907,0.001220,6.930000,6.430499,-7.351648:43
486927,0.000861,6.930000,6.535256,-7.417582:43
487005,0.000763,6.930000,6.535256,-7.417582:3
487026,0.000763,6.885000,6.482877,-7.384615:43
487046,0.000877,6.885000,6.482877,-7.38461543
487086,0.001220,6.885000,6.325741,-7.285714:43
487164,0.001318,6.930000,6.325741,-7.285714:43
487184,0.00138,6.930000,6.430499,-7.351648:43
487204,0.001090,6.930000,6.430499,-7.351648:43
487224,0.001090,6.93000,6.378121,-7.318682:43
487244,0.000975,6.93000,6.482877,-7.384615:
487264,0.000975,6.930000,6.535256,-7.417582:43
487284,0.000747,6.930000,6.58763-7.450550:43
487323,0000633,6.930000,6.640015,-7.483516:43
487343,0.000633,6.930000,6.587636,-7.450550:43
487363,0.000633,6.930000,6.640015,-7.48516:43
487403,0.000861,6.930000,6.35256,-7.417582:43
487443,0.000877,6.885000,6.482877,-7.384615:43
487482,0.0004366.840000,6.640015,-7.483516:43
487502,0.000436,6.840000,6.587636,-7.450550:43
487522,0.000436,6.840000,6.640015,-7.483516:43
487542,0.000436,6.840000,6.797152,-7.582417:43
487562,0.000192,6.885000,6.79712,-7.582417:43
487582,0.000192,6.885000,6.901910,-7.64832:43
487602,0.000364,6.840000,7.006667,-7.714285:44
487641,-0.000037,6.885000,6.901910,-7.648352:44
487681,-0.000053,6.930000,6.954288,-7.681319:44
487721,-0.000167,6.930000,7.006667,-7.714285:44
48776-0.000282,6.930000,7.05047,-7.747253:44
487800,-0.000151,6.885000,6.954288,-7.681319:44
487820,-0.000151,6.885000,6.901910,-7.648352:44
487840,-0.000053,6.930000,6.954288,-7.681319:44
487860,-0.000053,6.930000,6.901910-7.648352:44
487880,0.000306,6.885000,6.744773,-7.549451:43
487900,0.000306,630000,6.797152,-7.582417:43
487920,0.000290,6.930000,6.797152,-7.582417:43
487958,0.000061,6.930000,6.901910,-7.648352:43
487998,-0.00053,6.930000,6.954288,-7.681319:44
488018,-0.000053,6.930000,7.006667,-7.714285:44
488038,-0.000396,6.930000,7.111425,-7.78022044
488078,-0.000282,6.930000,7.59047,-7.747253:44
488117,-0.000624,6.930000,7.216184,-7.846154:44
488137,-0.000624,6.885000,7.163804,-7.813187:4
488157,-0.000723,6.885000,7.216184,-7.846154:44
488177,-0.000723,6.885000,7.320941,-7.912088:44
488197,-0.000853,630000,7.320941,-7.912088:44
488217,-0.000853,6.930000,7.373321,-7.945055:44
488237,-0.000739,6.930000,7.268562,-7.879121:44
488275,-0.000951,6.885000,7.320941,-7.912088:44
488316,-0.000837,6.885000,7.268562,-7.879121:44
488435,-0.000853,.930000,7.320941,-7.912088:44
488455,-0.000853,6.930000,7.268562,-7.879121:44
488475,-0.000853,6.930000,7.320941,-7.912088:44
488495,-0.000853,6.975000,7.3209,-7.912088:44
488515,-0.000755,6.975000,7.320941,-7.912088:44
488535,-0.000755,6.930000,7.216184,-7.846154:44
488555,-0.000624,6.930000,7.216184,-7.846154:44
488594,-.000853,6.93000,7.320941,-7.912088:44
488614,0.000853,6.90000,7.373321,-7.945055:44
488634,-0.001196,6.930000,7.478077,-8.010989:44
488654,-0.001196,6.930000,7.530456,-8.043956:44
488674,-0.001408,6.885000,7.530456,-8.043956:44
488694,-0.001408,6.885000,7.582836,-8.076923:44
488714-0.001522,6.885000,7.582836,-8.076923:44
488754,-0.001408,6.885000,7.530456,-8.043956:44
488774,-0.001408,6.885000,7.582836,-.076923:44
488794,-0.001294,6.88500,7.478077,-8.010989:44
488814,-0.001294,6.885000,7.425699,-7.978022:44
488834,-0.001196,6.930000,7.478077,-8.010989:44
488914,-0.001294,6.885000,7.478077,-8.010989:44
488934,-0.001294,6.885000,7.530456,-8.043956:44
488954,-0.001310,6.930000,7.530456,-8.043956:44
488974,-0.001310,6.930000,7.582836,-8.076923:44
488994,-0.001424,6.930000,7.582836,-8.076923:44
489074,-0.001310,6.930000,7.530456,-8.043956:44
489094,-0.00310,6.930000,7.582836,-8.076923:44
489114,-0.001767,6.930000,7.739972,-8.175824:44
489134,-0.001767,6.885000,7.79351,-8.208791:44
489154,-0.001980,6.885000,7.792351,-8.208791:44
489174,-0.001980,6.885000,7.844729,-8.241758:44
489194,-0.002551,6.885000,8.054246,-8.37367:44
489232,-0.002437,6.885000,8.001866,-8.340659:44
489252,-0.002437,6.885000,7.949488,-8.307693:44
489272,-0.002322,6.885000,7.949488,-8.307693:44
489312,-0.002224,6.930000,7.949488,-8.307693:44
489332,-0.002224,6.930000,8.001866,-8.340659:44
489352,-0.002453,6.930000,.054246,-8.373627:44
489391,-0.00243,6.885000,8.001866,-8.340659:44
489431,-0.002551,6.885000,8.054246,-8.373627:4
489471,-0.002665,6.885000,8.106626,-8.406593:44
489491,-0.002665,6.885000,8.054246,-8.373627:44
489511,-0.002437,6.885000,8.001866,-8.340659:44
489550,-0.002779,6.885000,8.159002,-8.439560:44
489570,-0.002779,6.885000,8.211383,-8.472528:44
489590,-0.002796,6.930000,8.21183,-8.472528:44
489630,-0.002910,6.930000,8.263762,-8.505494:44
489670,-0.003237,6.885000,8.368520,-8.571429:44
489709,-0.002910,6.930000,8.263762,-8.505494:44
489749,-0.003024,6.30000,8.316140,-8.538462:44
489769,-0.003024,6.885000,8.368520,-8.571429:44
489789,-0.003138,6.930000,8.368520,-8.571429:44
489868,-0.003122,6.88500,8.316140,-8.538462:44
489928,-0.003122,6.885000,8.420897,-8.604396:44
489948,-0.003351,6.885000,8.420897,-8.604396:44
489968-0.003351,6.885000,8.473276,-8.637362:44
489988,-0.003694,6.885000,8.578035,-8.703297:44
490027,-0.004036,6.885000,8.735171,.802198:44
490087,-0.004036,6.885000,8.682793,-8.769230:44
490107,-0.004151,6.885000,8.787551,-8.835165:44
490127,-0.004151,6.885000,8.735171,-8.80198:44
490147,-0.0040,6.885000,8.735171,-8.802198:44
490186,-0.003922,6.885000,8.682793,-8.769230:44
490226,-0.004036,6.885000,8.735171,-8.802198:44
490266,-0.003922,6.885000,8.682793,-8.769230:44
490286,-0.003922,6.885000,8.839929,-8.868132:44
490306,-0.004265,6.885000,8.839929,-8.868132:44
490364,-0.004379,6.930000,8.944687,-8.934066:44
490384,-0.004738,6.930000,9.101825,-9.032967:44
490404,-0.004738,6.885000,9.206582,-9.098902:44
490424,-0.005179,6.885000,9.258961,-9.131868:44
490444,-0.005179,6.885000,9.311339,-9.164835:44
490464,-0.005293,6.885000,9.31139,-9.164835:44
490502,-0.005424,6.930000,9.416097,-9.230769:44
490522,-0.005424,6.885000,9.416097,-9.230769:44
490542,-0.005195,6.930000,9.31133-9.164835:44
490562,-0.005195,6.930000,9.258961,-9.131868:44
490582,-0.004738,6.930000,9.101825,-9.03297:44
490602,-0.004738,6.930000,.258961,-9.131868:44
490622,-0.004852,6.930000,9.154202,-9.065934:44
490660,-0.005065,6.885000,9.206582,-9.098902:44
490700,-0.004951,6.88500,9.154202,-9.065934:44
490720,-0.004951,6.885000,9.206582,-9.098902:44
490740,-0.005179,6.885000,9.258961,-9.131868:44
490761,-0.005179,6.885000,9.206582,-9.098902:44
490781,-0.005065,6.885000,9.206582,-9.098902:44
490820,-0.004951,6.885000,9.154202,-9.065934:44
490840,-0.004951,6.885000,9.258961,-9.11868:44
490860,-0.005293,6.885000,9.311339,-9.164835:44
490940,-0.005408,6.885000,9.363720,-9.197803:44
490979,-0.005310,6930000,9.363720,-9.197803:44
490999,-0.005310,6.930000,9.311339,-9.164835:44
491019,-0.005195,6.930000,9.311339,-.164835:44
491039,-0.005195,6.930000,9.363720,-9.197803:44
491059,-0.005424,6.930000,9.416097,-9.230769:44
491079,-0.005424,6.930000,9.468476,-9.263736:44
491099,-0.005538,.930000,9.468476,-9.263736:44
491139,-0.00571,6.885000,9.520856,-.296703:44
491179,-0.005865,6.885000,9.573235,-9.329671:44
491199,-0.005865,6.930000,9.62561,-9.362638:44
491219,-0.005881,6.90000,9.625613,-9.362638:44
491259,-0.005979,6.885000,9.625613,-9.362638:44
491298,-0.00622,6.885000,9.782750,-9.461538:44
491338,-0.006208,6.885000,9.730371-9.428572:44
491378,-0.006322,6.885000,9.78270,-9.461538:44
491398,-0.006322,6.8000,9.835129,-9.494505:44
491418,-0.006322,6.885000,9.782750,-9.461538:44
491457,-0.006109,6.930000,9.70371,-9.428572:44
491477,-0.006109,6.930000,9.782750,-9.461538:44
491497,-0.006436,6.885000,9.83512,-9.494505:44
491577,-0.006550,6.885000,9.887508,-9.527472:44
491615,-0.006779,6.885000,9.99265,-9.593407:44
491635,-0.006779,6.885000,9.9887,-9.560439:44
49165,-0.006665,6.885000,9.939887,-9.560439:44
491695,-0.006779,6.885000,9.992265,-9.593407:44
491715,-0.006779,6.885000,9.939887,-9.560439:44
491735,-0.006779,6.885000,9.992265,-9.593407:44
491774,-0.006893,6.885000,10.044645,-9.626374:45
491794,-0.006893,6.885000,10.149403,-9.692307:45
491814,-0.007122,6.88500,10.149403,-9.692307:45
491834,-0.007122,6.885000,10.306539,-9.791208:45
491854,-0.007579,6.885000,10.358919,-9.824176:45
491894,-0.007693,6.885000,10.41128,-9.857142:45
491932,-0.007579,6.885000,10.358919,-9.824176:45
491972,-0.007693,6.885000,10.411298,-9.857142:45
492032,-0.007693,6.885000,10.463675,-9.89011:45
492052,-0.007922,6.885000,10.516055,-9.923078:45
492090,-0.008036,6.885000,10.568434,-.956044:45
492110,-0.008036,6.930000,10.463675,-9.890110:45
492130,-0.007824,6.930000,10.516055,-9.923078:45
492170,-0.0077096.930000,10.463675,-9.890110:45
492190,-0.007709,6.930000,10.516055,-9.923078:45
492210,-0.008036,6.885000,10.568434,-9.956044:45
492248,-0.008052,6.930000,10.620812,-9.989011:45
492268,-0.00852,6.885000,10.777949,-10.087912:46
492288,-0.008607,6.885000,10.830329,-10.120879:46
492308,-0.008607,6.885000,10.987464,-10.219780:46
492328,-0.008950,6.885000,10.987464,-10.219780:46
492348,-0.008950,6.885000,11.039845,-10.252748:46
492368,-0.09179,6.885000,11.092223,-10.285714:46
492407,-0.009391,6.0000,11.144601,-10.318681:46
492427,-0.009391,6.840000,11.196981,-10.351648:46
492447,-0.009277,6.84000011.092223,-10.285714:46
492487,-0.009391,6.840000,11.144601,-10.318681:46
4927,-0.009391,6.840000,11.092223,-10.285714:46
492527,-0.009277,6.840000,11.092223,-10.285714:46
492566,-0.009163,6.795000,11.039845,-10.252748:46
492586,-0.009163,6.840000,11.039845,-10.252748:46
492666,-0.009163,6.84000,11.092223,-10.28571446
492686,-0.009277,6.840000,11.0223,-10.285714:46
492725,-0.009750,6.930000,11.354118,10.450550:46
492745,-0.009750,6.885000,11.406497,-10.483517:46
492765,-0.009880,6.930000,11.458875,-10.516483:46
492785,-0.009880,6.930000,11.563633,-10.582417:46
492805-0.060093,6.885000,11.511255,-10.549451:46
492825,-0.060093,6.885000,11.563633,-10.582417:46
492845,-0.060207,6.885000,11.563633,-10.582417:46
492883,-0.009750,6.885000,1.354118,-10.450550:46
492903,-0.009750,6.930000,11.354118,-10.450550:46
492923,-0.009259,7.110000,11.354118,-10.450550:46
492943,-0.009259,7.380000,11.458875,-10.516483:46
492963,-0.008310,7.650000,11.458875,-10.516483:46
492983,-0.008310,7.920000,11.511255,-10.549451:46
493003,-0.007360,8.190000,11.563633,-10.582417:46
493041,-0.006753,8.730000,11.825528,-10747253:46
493061,-0.006753,8.865000,11.825528,-10.747253:46
493081,-0.006475,8.910000,11.877908,-10.780220:46
493101,-0.006475,8.910000,11.825528,-0.747253:46
493121,-0.00361,8.910000,11.825528,-10.747253:46
493141,-0.006361,8.910000,11.773149,-10.714286:46
493161,-0.006361,8.910000,11.825528,-10.747253:46
493199,-0.006246,8.910000,11.773149,-10.714286:46
493219,-0.006246,8.910000,11.720770,-10.681319:46
493240,-0.006132,8.91000,11.720770,-10.681319:46
493260,-0.006132,8.910000,11.773149,-10.714286:46
493280,-0.006246,8.910000,11.773149,-10.714286:46
493300,-0.006246,8.910000,11.825528,-10.747253:46
493320,-0.006246,8.910000,11.773149,-10.714286:46
493359,-0006475,8.91000,11.877908,-10.780220:46
493419,-0.006475,8.910000,11.7731,-10.714286:46
493439,-0.006246,8.910000,11.773149,-10.714286:46
493479,-0.006361,8.910000,11.825528,-10.747253:46
493518,-0.006459,8.865000,11825528,-10.747253:46
493558,-0.00668,8.865000,11.930285,-10.813187:46
493578,-0.006687,8.865000,11.982664,-10.846153:46
493598,-0.006687,8.865000,11.930285,-10.813187:46
493638,-0.006802,8.865000,11.982664,-10.846153:46
493677,-0.006916,8.865000,12.0344,-10.879121:46
493697,-0.006916,8.910000,12.035044,-10.879121:46
493717,-0.006818,8.910000,12.035044,-10.879121:46
493757,-0.007145,8.865000,12.139801,-10.945055:46
493797,-0.007259,8.865000,12.192182,-10.978023:46
493836,-0.007373,8.865000,12.244558,-11.010989:46
493936,-0.007373,8.865000,12.139801,-10.945055:46
493956,-0.007145,8.865000,12.139801,-10.945055:46
493995,-0.07046,8.910000,12.139801,-10.945055:46
494035,-0.007062,8.955001,12.192182,-10.97802:46
494075,-0.007161,8.910000,12.192182,-10.978023:46
494095,-0.07161,8.955001,12.19212,-10.978023:46
494115,-0.007275,8.910000,12.244558,-11.010989:46
494154,-0.006932,8.910000,12.087422,-0.912087:4
494174,-0.006932,8.910000,12.035044,-10.879121:46
494194,-0.006932,8.910000,12.087422,-10.912087:46
494254,-0.006932,8.9100011.982664,-10.846153:46
494274,-0.006704,8.910000,11.982664,-10.84653:46
494313,-0.007161,8.910000,12.2182,-10.978023:46
494333,-0.007161,8.8650002.087422,-1.912087:46
494353,-0.007046,8.91000,12.139801,-10.945055:46
494373,-0.007046,8.910000,12.087422,-10.912087:46
494393,-0.007046,8.910000,12.139801,-10.945055:46
494413,-0.007046,8.865000,12.139801,-10.945055:46
494433,-0.006932,8.910000,12.87422,-10.92087:46
494471,-0.00711,8.910000,12.192182,-10.978023:46
494491,-0.007161,8.910000,12.244558,-11.010989:46
494531,-0.007503,8.91000012.506455,-11.175824:646
494551,-0.007961,8.910000,12.558833,-11.208791:46
494591,-0.008075,8.910000,12611211,-11.21758:46
494629,-0.007961,8.91000012.558833,-11.208791:46
494649,-0.007961,8.910000,12.506455,-11.175824:46
494669-0.007846.910000,12.506455,-11.175824:46
494689,-0.007846,8.910000,12.454075,-11.142857:46
494709,-0.007618,8.910000,12.401695,-11.109890:46
494729,-0.007618,8.955001,12.506455,-1175824:46
494750,-0.007732,8.910000,12.454075,-11.142857:46
494788,-0.007846,8.910000,12.506455,-11.17584:46
49488,-0.007846,8.865000,12.454075,-11.142857:46
494828,-0.007716,8.865000,12.401695,-11.109890:46
494868,0.007830,8.865000,12.454075,-11.142857:46
494987,-0.007716,8.865000,12.401695,-11.109890:46
495007,-0.007716,8.865000,12.296938,-11.043956:46
495027,-0.007145,.865000,12.139801,-10945055:46
495067,-0.007030,8.865000,12.087422,-10.912087:46
495106,-0.007161,8.910000,12.192182,-10.978023:46
495126,-0.007161,8.955001,12.244558,-11.010989:46
495146,-0.007291,8.955001,12.296938,-11.043956:46
495166,-0.007291,8.910000,12.454075,-11.142857:46
495186,-0.008075,8.910000,12.611211,-11.241758:46
495206,-0.008075,8.955001,12.663591,-11.74726:46
495226,-0.007977,8.955001,12.611211,-11.241758:46
495285,-0.007977,8.955001,12.715970,-11.307693:46
49530,-0.008303,8.910000,12.715970,-11.307693:46
495325,-0.0003,8.910000,12.663591,-11.274726:46
495345,-0.008189,8.910000,12.663591,-11.274726:46
495424,-0.007961,8.910000,12.558833,-11.208791:46
495464,-0.007732,8.910000,12.454075,11.142857:46
495504,-0.007846,8.910000,12.506455,-11.175824:46
495524,-0.007846,8.910000,12.663591,-11.274726:46
495544,-0.008303,8.910000,12.715970,-11.307693:46
495583,-0.008418,8.910000,12.768349,-11.40659:46
495603,-0.008418,8.910000,12.820727,-11.373627:46
495623,-0.008760,8.910000,12.925485,-11.439560:46
495643,-0.008760,8.910000,12.820727,-1.373627:46
495663,-0.008075,8.910000,12.611211,-11.24175846
495742,-0.008516,8.865000,12.768349,-11.340659:46
495762,-0.008516,8.865000,2.715970-11.307693:46
495783,-0.008516,8.865000,12.768349,-11.340659:46
495803,-0.008516,8.865000,12.820727,-11.373627:46
495823,-0.008760,8.91000,12.925485,-11.439560:46
495901,-0.008532,8.910000,12.820727,-11.3627:46
495961,-0.008532,8.910000,.873107,-11.40593:46
495981,-0.008760,8.910000,12.925485,1.439560:46
496001,-0.008760,8.910000,12.977865,-11.472528:46
496021,-0.008760,8.910000,12.925485,-11.9560:46
496060,-0.008989,8.910000,13.030243,-11.505495:46
496080,-0.008989,8.910000,13.082622,-11.538462:46
49610,-0.009103.910000,13.082622,-11.538462:46
496160,-0.009103,8.910000,13.030243,-11.505495:46
496180,-0.009103,8.910000,13.082622,-11.538462:46
496239,-0.00910,8.910000,13.030243,-11.505495:46
496259,-0.009103,8.910000,13.082622,-11.538462:46
496299,-0.009234,8.955001,13.187380,-11.60496:46
496339,-0.009348,8.955001,13.239758,-11.637362:46
496379,-0.009560,8.910000,13.292137,-11.670329:46
496399,-0.009560,8.910000,13.344517,-11.703297:46
496419,-0.00789,8.910000,13.396895,-11.736263:46
496459,-0.009675,8.910000,13.344517,-11.703297:46
496479,-0.009675,8.865000,13.344517,-11.703297:46
496499,-0.009887,8.865000,13.396895,-11.736263:46
496539,-0.009659,8.865000,13.292137,-11.670329:46
496579,-0.009887,8.865000,13.396895,-11.736263:46
496619,-0.060001,8.865000,13.449274,-11.76931:46
496639,-0.060001,8.865000,13.396895,-11.736263:46
496659,-0.009887,8.865000,13.396895,-11.736263:46
496698,-0.009609,9.045000,13.449274,-11.769231:46
496718,-0.009609,9.135000,13.449274,-11.769231:46
496738,-0.009003,9.270000,13.396895,-11.736263:46
496758,-0.009003,9.360000,13.449274,-11.769231:46
496778,-008513,9.495000,13.396895,-11.736263:46
496798,-0.008513,9.585000,13.501654,-11.802198:46
496819,-0.008479,9.720000,13.606411,-11.868132:46
496878,-.008479,9.720000,13.815928,-12.000000:46
496898,-0.008936,9.72000013.815928,-12.000000:46
496918,-0.008936,9.720000,13.868306,-12.03296846
496938,-0.009164,9.720000,13.920685,-12.065934:46
496958,-0.009164,9.720000,13.868306,-12.032968:46
496978,-0.009050,9.720000,13.868306,-12.032968:46
497036,-0.009050,9.720000,13.815928,12.000000:46
497056,-0.008936,9.720000,13.815928,-12.000000:46
497076,0.008936,9.720000,13.868306,-12.032968:46
497096,-0.008822,9.720000,13.763548,-11.967032:46
497194,0.008822,9.720000,13.711169,-11.934066:46
497214,-0.008707,9.720000,13.711169,-11.934066:46
497234,-0.008707,9.720000,13.763548,-11.967032:46
497254,-0.008936,9.720000,13.815928,-12.000000:46
497274,-0.008936,9.720000,13.763548,-11.967032:46
497294,-0.008822,9.720000,13.763548,-11.96032:46
497333,-0.008936,9.720000,13.815928,-12.000000:46
497353,-0.008936,9.720000,13.711169,-11.934066:46
497373,-0.008479,9.720000,13.606411,-11.868132:46
497433,-0.008479,9.720000,3.554032,-11.835165:46
497453,-0.008479,9.720000,13.606411,-11.868132:46
497492,-0.008365,9.720000,13.554032,-11.835165:46
497512,-0.008365,9.720000,13.711169,-11.934066:46
497532,-0.008707,9.720000,13.1169,-11.934066:46
497552,-0.008707,9.720000,3.763548,-11.967032:46
497572,-0.008952,9.765000,13.868306,-12.032968:46
497592,-0.008952,9.720000,13.868306,-12032968:46
497612,-0.009050,9.720000,13.868306,-12.032968:46
497671,-0.009050,9.72000,13.815928,-12.000000:46
49761,-0.009148,9.674999,13.868306,-12.032968:46
497731,-0.00890,9.674999,13.763548,-1.967032:46
497751,-0.008920,9.674999,13.815928,-12.000000:46
497771,-0.009148,9.674999,13.868306,-12.032968:46
497811,-0.009132,9.630000,13.815928,-12.000000:46
497831,-0.009132,9.674999,13.815928,-12000000:46
49751,-0.009148,9.674999,13.868306,-12.032968:46
497871,-0.009148,9.674999,13.920685,-12.065934:46
497891,-0.009263,9.674999,3.920685,-12.065934:46
497911,-0.009263,9.674999,13.86830,-12.032968:46
497931,-0.009148,9.674999,13.86836,-12.032968:46
497970,-0.009050,9.720000,3.868306,-12.032968:46
498010,-0.008838,9.765000,13.815928,-12.000000:46
498030,-0.008838,9.765000,13.868306,-12.032968:46
498050,-0.00838,9.765000,13.815928,-12.000000:46
498090,-0.008723,9.765000,13.763548,-11.967032:46
498128,-0.008822,9.720000,13.63548,-11.967032:46
498148,-0.008822,9.720000,13.815928,-12.000000:46
498168,-0.008822,9.720000,13.763548,-11.967032:46
498188,-0.00822,9.720000,13.868306,-12.032968:46
498208,-0.008822,9.720000,13.763548,-11.96732:46
49822,-0.008822,9.720000,13.815928,-12.000000:46
498248,-0.00927,9.720000,13.973063,-1.098902:46
498286,-0.009164,9.720000,13.920685,-12.065934:46
498306,-0.009164,9.720000,13.973063,-12.098902:46
498326,-0.009279,9.720000,13.973063,-12.098902:46
498366,-0.009181,9.765000,13.973063,-12.098902:46
498406,-0.009295,9.765000,14.025442,-12.131868:46
498445,-0.009409,9.765000,14.077821,-12.164835:46
498465,-0.009409,9.765000,13.973063-12.098902:46
498485,-0.009066,9.765000,13.920685,-12.065934:46
498505,-0.009066,9.765000,13.815928,-12.000000:46
498525,-0.008609,9.765000,13.711169,-11.934066:46
498565,-0.00882,9.720000,13.763548,-11.967032:46
498623,-0.008822,9.720000,13.815928,-12.000000:46
498643,-0.009164,9.720000,13.920685,-12.065934:46
498663,-0.009164,9.720000,13.973063,12.098902:46
498683,-0009491,9.674999,14.025442,-12.131868:46
498703,-0.009491,9.720000,13.973063,-12.098902:46
498723,-0.009393,9.720000,14.025442,-12.131868:46
498761,-0.009605,9.674999,14.077821,-12.164835:46
49878-0.009605,9.674999,14.130201,-12.197803:46
498801,-0.009720,9.67499,14.130201,-12.19780346
498821,-0.009720,9.720000,14.287336,-12.296703:46
49884,-0.009964,9.720000,14.287336,-12.296703:46
498861,-0.009964,9.674999,14.287336,-12.296703:46
498881,-0.009948,9.674999,14.234958,-12.263736:46
498920,-0.060079,9.720000,14.339716,-12.329671:46
498940,0.060079,9.720000,14.39095,-12.362638:46
498960,-0.009964,9.720000,14.287336,-12.296703:46
498980,-0.009964,9.810000,14.234958,-12.263736:46
499000,-0.009359,9.945000,14.234958,-12.263736:46
499020,-0.009359,10.035000,14.077821,-12.164835:47
499040,-0.008297,10.170000,13.973063,-12.0892:47
499080,-0.007381,10.485001,13.868306,-12.032968:47
499100,-0.007381,10.575000,13.815928,-12.000000:47
499120,-0.006760,10.665000,13.763548,-11.967032:47
499140,-0.006760,10.710000,13.815928,-12.000000:47
499160,-0.007005,10.710000,13.920685,-12.065934:47
499180,-0.007005,10.665000,13.973063,-12.098902:47
499200,-0.007446,10.665000,1077821,-12.164835:47
499239,-0.007560,10.665000,14.130201,-12.197803:47
499259,-0.007560,10.665000,14.182579,-12.230769:47
499279,-0.007674,10.66500,14.182579-12.230769:47
499299-0.007674,10.665000,14.130201,-12.197803:47
499319,-0.007788,10.665000,14.234958,-12.263736:47
499339,-0.007788,10.665000,14.392095,-12.362638:47
499359,-0.008246,10.66500,14.444474,-12.395604:47
499397,-0.008588,10.665000,14.601611,-12.494505:47
49947,-0.008474,10.665000,14.549232,-12.461538:47
499457,-0.008474,10.710000,14.61611,-12.494505:47
499477,-0.008360,10.665000,1496853,-12.428572:47
499497,-0.008360,10.710000,14.339716,-12.32961:47
499517,-0.007690,10.710000,14.234958,-12.263736:47
499555,-0.007576,10.710000,14.182579,-12.230769:47
499575,-0.007576,10.665000,14.27336,-12.296703:47
499595,-0.007903,10.665000,14.287336,-12.296703:47
499615,-0.007903,10.665000,14.182579,-12.20769:47
499635,-0.007919,10.710000,14.339716,-12.329671:47
499655,-0.007919,10.665000,14.287336,-12.296703:47
499675,-0.007674,10.665000,14.182579,-12.230769:47
499713,-0.007805,10.710000,14.287336,-12.296703:47
499733,-0.007805,10.665000,14.339716,-12.329671:47
499753,-0.007903,10.665000,14.287336,-12.296703:47
499773,-0.007903,10.665000,14.339716,-12.329671:47
499793,-0.008017,10.665000,14.339716,-12.329671:47
499871,-0.007903,10.665000,14.287336,-12.296703:47
499891,-0.007903,10.665000,14.130201,-12.197803:47
499911,-0.007576,10.710000,14.182579,-12.230769:47
499931,-0.007576,10.665000,14.130201,-12.197803:47
499951,-0.007347,10.710000,14.077821,-12.164835:47
499971,-0.007347,10.710000,14.025442,-1.131868:47
499991,-0.007233,10.710000,14.025442,-12.131868:47
500030,-0.007788,10.665000,14.234958,-12.263736:47
500050,-0.007788,10.710000,14.130201,-12.19780:47
500070,-0.007576,10.710000,14.182579,-12.230769:47
500110,-0.007674,10.66500014.182579,-12.230769:47
500130,-0.007674,10.665000,14.234958,-12.263736:47
500150,-0.007903,10.665000,14.287336,-12.296703:47
500189,-0.007674,10.665000,14.182579,-12.230769:47
500229,-0.007560,10.66500,14.130201,-12.197803:47
500249,-0.007560,10.710000,14.077821,-12.1648:47
500269,-0.007347,10.710000,1.077821,-12.164835:47
500309,-0.007462,10.710000,14.130201,-12.197803:47
50039,-0.007788,10.665000,14.234958,-12.263736:47
500389,-0.007903,10.665000,14.287336,-12.296703:47
500409,-0.007903,10.665000,14.392095,-12.362638:47
500429,-0.008131,10.665000,14.392095,-12.362638:47
500449,-0.008131,10.665000,14.7336,-12.296703:47
500469,-0.008131,10.665000,14.392095,-12.362638:47
500508,-0.007690,10.710000,14.234958,-12.263736:47
500528,-0.00690,10.710000,4.182579,-12.230769:47
500548,-0.007576,10.710000,14.182579,-12.230769:47
500568,-0.007576,10.710000,4.130201,-12.197803:47
500588,-0.007560,10.665000,14.130201,-12.197803:47
500628,-0.007446,10.665000,14.077821,-12.164835:47
500726,-0.007446,10.665000,14.130201,-12.197803:47
500746,-0.007560,10.665000,14.130201,-12.197803:47
500766,-0.007560,10.665000,14.234958,-12.263736:47
500786,-0.008017,10.665000,14.339716,-12.329671:47
500825,-0.007903,10.665000,14.287336,-12.296703:47
500905,-0.007674,10.665000,14.182579,-12.230769:47
500925,-0.007674,10.665000,14.130201,-12.197803:47
500945,-0.007446,10.665000,14.077821,-12.164835:47
501003,-0.007446,10.710000,14.077821,-12.164835:47
501023,-0.00747,10.710000,14.077821,-12.164835:47
501063,-0.007233,10.710000,14.025442,-12.131868:47
501083,-0.007233,10.710000,13.973063,-12.098902:47
501103,-0.07119,10.710000,13.973063,-12.098902:47
501142,-0.007233,10.710000,14.025442,-12.131868:47
501162,-0.007233,10.75500,14.077821,-12.16435:47
501182,-0.007364,10.755000,14.130201,-12.197803:47
501202,-0.007364,10.755000,14.077821,-12.164835:47
501222,-0.007690,10.710000,14.234958,-12.263736:47
501242,-0.007690,10.710000,14.182579,-12.230769:47
501262,-0.007690,0.710000,14.234958,-12.23736:47
50300,-0.007772,10.620000,14.182579,-12.230769:47
501320,-0.007772,10.620000,14.234958,-12.263736:47
501340,-0.007887,10.620000,14.234958,-12.263736:47
501380,-0.007772,10.620000,14.182579,-12.230769:47
501400,-0.007772,10.620000,14.234958,-12.263736:47
501420,-0.007674,10.665000,14.182579,-12.23769:47
501458,-0.007576,10.710000,14.182579,-12.230769:47
501478,-0007576,10.710000,14.130201,-12.197803:47
501498,-0.007462,10.710000,14.130201,-12.197803:47
501539,-0.007233,10.710000,14.025442,-12.131868:47
501618,-0.007347,10.710000,14.077821,-12.164835:47
501659,-0.007462,10.710000,14.130201,-12.17803:47
501679,-0.007462,10.665000,14.234958,-12.263736:47
501699,-0.007788,10.665000,14.234958,-12.263736:47
501739,-0.007805,10.71000,14.287336,-12.296703:47
501777,-0.008017,10.665000,14.339716,-12.329671:47
501817,-0.007788,10.665000,14.234958,-12.263736:47
501857,-0.007674,10.65000,14.182579,-12.230769:47
501877,-0.007674,10.665000,14.130201,-12.197803:47
501897,-0.007674,10.665000,14.182579,-12.230769:47
501936,-0.007446,10.665000,14.077821,-12.164835:47
501956,-0.007446,10.665000,14.182579,-12.230769:47
501976,-0.007788,10.665000,14.234958,-12.263736:47
502056,-0.007560,10.665000,14.13020,-12.197803:47
502095,-0.007446,10.665000,1.077821,-12.164835:47
502135,-0.007331,10.665000,14.025442,-12.131868:47
502155,-0.007331,10.665000,14.77821,-12.164835:47
502175,-0.007560,10.665000,14.130201,-12.197803:47
502215,-0.007674,10.665000,1.182579,-12.230769:47
502273,-0.007674,10.66500,14.130201,-12.197803:47
502293,-.007576,10.710000,14.182579,-12.230769:47
502313,-0.007576,10.665000,14.182579,-12.230769:47
502333,-0.007674,10.665000,14.182579,-12.230769:47
502411,-0.008017,10.665000,14.339716,-12.329671:47
502471,-0.008017,10.710000,14.339716,-12.329671:47
502491,-0.007919,10.710000,14.339716,-12.329671:47
502511,-0.007919,10.710000,14.392095,-12.362638:47
502532,-0.008033,10.710000,14.392095,-12.362638:47
502570,-0.007805,10.710000,14.287336,-12.296703:47
502650,-0.007690,10.710000,14.234958,-12.263736:47
502670,-0.007690,10.710000,14.339716,-12.329671:47
502690,-0.007919,10.71000,14.339716,-12.329671:47
502728,-0.008033,10.710000,14.392095,-12.362638:47
502828,-0.008033,10.71000014.339716,-12.329671:47
502848,-0.07690,10.710000,14.234958,-12.263736:47
502886,-0.007674,10.665000,14.182579,-12.230769:47
502946,-0.007674,10.665000,14.077821,-12.164835:47
502966,-0.007560,10.665000,14.130201,-12.197803:47
502986,-0.007560,10.665000,14.234958,-12.263736:47
503006,-0.008017,10.665000,14.339716,-12.329671:47
