time,steering_pid_out,real_steering,target_steering,trailer_value
39882,0.001102,-9.495000,-9.495000,-4.450550
40041,0.001102,-9.540000,-9.540000,-4384615
40081,0.001004,-9.540000,-9.540000,-4.384615
40161,0.001004,-9495000,-9.495000,-4.384615
40200,0.001102,-9.540000,-9.50000,-4.47583
40220,0.001102,-9.495000,-9.495000,-4.351648
40260,0.001102,-9.540000,-9.540000,-4.252747
40280,0.001004,-9.495000,-9.495000,-4.252747
40320,0001102,-9.450000,-9.450000,-4.252747
40358,0.001200,-9.450000,-9.450000,-4.219780
40478,0.001200,-9.495000,-9.49000,-4.318681
40516,0.001102,-9.495000,-9.49500,-4.351648
40953,0.001102,-9.540000,-9.540000,-4.318681
40990,0.001004,-9.49500,-9.495000,-4.285715
41030,0.001102,-9.49500,-9.495000,-4.285715
41307,0.001102,-9.540000,-9.540000,-4.252747
41327,0.001102,-9.495000,-9.495000-4.252747
41347,0.001102,-9.540000,-9.540000,-4.252747
41387,0.001004,-9.540000,-9.540000,-4.318681
41427,0.001004,-9.585000,-9.585000,-4.285715
41465,0.000905,-9.585000,-9.585000,-4.219780
41546,0.000905,-9.540000,-9.540000,-4.318681
41566,0.00090,-9.585000,-9.585000,-4.318681
41586,0.000905,-9.540000,-9.540000,-4.384615
41624,0.001004,-9.540000,-9.540000,-4.252747
41744,0.001004,-9.495000,-9.95000,-4.186813
41782,0.001102,-9.540000,-9.540000,-4.252747
41822,0.001004,-9.540000,-9.540000,-4.252747
41940,0.001004,-9.495000,-9.495000,-4.12879
41980,.001102,-9.495000,-9.495000,-4.285715
42573,0.001102,-9.540000,-9.5000,-4.318681
42732,0.001004,-9.495000,-9.495000,-4.318681
42772,0.001102,-9.495000,-9.495000,-4.351648
43148,0.001102,-9.540000,-9.540000,-4.285715
43168,0.001004,-9.540000,-9.54000,-4.252747
43307,0.00100,-9.495000,-9.495000,-4.384615
43327,0.001102-9.495000,-9.495000,-4.384615
43838,0.001102,-9.450000,-9.450000,-4.318681
43858,0.001102-9.495000,-9.495000,-4.252747
4391,0.001102,-9.450000,-9.450000,-4.153846
43938,0.001102,-.495000,-9.495000,-4.10879
439970.001102,-9.540000,-9.540000,-4.120879
44037,0.001004,-9.540000,-9.540000,-4.252747
44155,0.001004,-9.495000,-9.495000,-4.318681
44175,0.001004,-9.540000,-9.540000,-4.318681
44195,-0.092630,-9.540000,-9.50000,-4.318681
44215,-0.092630,-9.495000,-9.495000,-4.351648
44235,0.092531,-9.495000,-9.495000,-4.285715
44255,-0.092531,-9.360000,-9.360000,-4.285715
44275,-0.092237,-9045000,-9.045000,-4.285715
44313,0.091550,-7.650000,-7.650000,-4.25277
44333,-0.091550,-6.525000,-6.525000,-4.285715
44353,-0.086052,-5.040000,-5.040000,-4.318681
44373,-0.086052,-3.150000,-3.10000,-4.252747
44393,-0.078689,-0.945000,-0.945000,-4.219780
44413,-0.078689,0.090000,0.090000,-4.21970
44433,-0.071620,2.655000,2.655000,-4.252747
44470,-0066024,7.785000,7.785000,-4.219780
44490,-0.066024,10.350000,10.350000,-4.219780
44510,0.000764,12.780001,12.78001,-4.219780
44530,0.000764,14.985000,14.985000,-4.351648
44550,0.060876,16.96500,16.965000,-4.351648
44570,0.060876,18.584999,18.584999,-4.351648
44590,0.068730,19.844999,19.844999,-4.186813
44628,0.071478,21.465000,21.465000,-4.285715
44648,0.071478,21.779999,21.779999,-4.285715
44668,0.07570,21.86999,21.869999,-4.85715
44688,0.075700,21.600000,21.600000,-4.252747
44708,0.075307,21.105000,21.105000,-4.285715
44728,0.075307,20.385000,20.385000,-4.450550
44748,0.072657,19.440001,19.440001,-4.516483
44786,0.070595,16.920000,16.920000,-4.582417
44806,0.070595,5.480000,15.40000,-4.582417
44826,0.061956,13.950000,13.950000,-4.549451
44846,0.061956,12.375000,12.375000,-4.582417
44866,0.005181,10755000,10.75000,-4.549451
44886,0.005181,9.270000,9.270000,-4.549451
44907,-0.001593,7.785000,7.785000,-4.516483
44945,-0.004832,5.400000,5.400000,-4450550
44965,-0.00432,4.5450004.545000,-4.417583
44985,-0.061901,3.915000,3.915000,-4.483516
45005,-0.061901,3.510000,3.51000,-4.450550
45025,-0.064159,3.240000,3.240000,-4.450550
45045,-0.064159,3.105000,3.105000,-4.417583
45065,-0.065043,3.060000,3.060000,-4.384615
45104,-0.065141,3.105000,3.105000,-4.516483
45144,-0.065043,3.105000,3.105000,-4.582417
45224,-0.065043,3.150000,3.150000,-4.549451
45263,-0.064944,3.105000,3.105000,-4.483516
45283,-0.064944,3.150000,3.150000,-4.50550
45422,-0.064944,3.105000,3.10500,-4.483516
45462,-0.065043,3.105000,3.105000,-4.582417
45701,-0.065043,3.150000,3.150000,-4.351648
45739,-0.064944,3.105000,3.105000,-4.219780
45779,-0.065043,3.1050003.105000,-4.252747
45917,-0.065043,3.150000,3.150000,-4.549451
45937,-0.064944,3.150000,3.150000,-4.615385
45957,-0.064944,3.105000,3.105000,-4.582417
45977,-0.065043,3.05000,3.105000,-4.582417
46055,-0.065043,3.060000,3.060000,-4.549451
46095,-0.065141,3.105000,3.105000,-4.549451
46135,-0.065043,3.105000,3.105000-4.549451
46214,-0.065043,3.150000,3.150000,-4.549451
46254,-0.064944,3.150000,3.150000,-4.549451
46472,-0.064944,3.195000,.195000,-4.285715
46492,-0.064846,3.195000,3.195000,-4.285715
46749,-0.064846,3.150000,3.150000,-4.45050
46769,-0.064944,3.150000,3.150000,-4.384615
47004,-0.064944,3.195000,3.195000,-4.417583
47044,-0.064846,3.195000,3.195000,-4.417583
47282,-0.064846,3.150000,3.150000,4.417583
4730,-0.064944,3.150000,3.150000,-4.483516
47400,-0.064944,3.105000,3.105000,-4.483516
47440,-0.065043,3.105000,3.10000,-4.450550
47499,-0.065043,3.150000,3.150000,-4.417583
47519,-0.064944,3.150000,3.150000,-4.483516
47638,-0.065043,3.105000,3.105000,-4582417
48055,-0.065043,3.1500003.150000,-4.417583
48075,-0.064944,3.150000,3.150000,-4.252747
48272,-0.064944,3.105000,3.05000,-4.219780
48313,-0.065043,3.105000,3.105000,-4.351648
48492,-0.065043,3.1050003.105000,-4.4505506
48591,-0.06503,3.150000,3.150000,-4.417583
48631,-0.064944,3.150000,3.150000,-4.450550
48750,-0.064944,3195000,3.15000,-4.351648
48790,-0.064846,3.195000,3.195000,-4.318681
48928,-0.064846,3.150000,3.150000,-4.285715
48948,-0.064944,3.19500,3.195000,-4.285715
48989,-0.064846,3.150000,3.150000,-4.219780
49029,-0.064944,3.150000,3.150000,-4.219780
49107,0.078689,3.105000,3.105000,-4.285715
49127,0.078689,3.150000,3.50000,-4.351648
49187,0.078689,3.01000,3.015000,-4.450550
49226,0.078394,2.250000,2.250000,-4.516483
49246,0.078394,1.4850001.485000,-4.54451
4926,0.075056,0.54000,0.540000,-4.615385
49286,0.075056,0.000000,0.000000,-4.615385
49306,0.071817,-0.675000,-0.67500,-4.516483
49326,0.07117,-2.160000,-2.160000,-4.483516
49346,0.067104,-3.690000,-3.690000,-4.450550
49386,0.063766,-6.930000,-.930000,-4.384615
49406,0.063766,-8.235001,-8.235001,-4.351648
49426,0.003851,-9.450000,-9.450000,-4.25715
49446,0.003851,-10.530000,-10.530000,-4.318681
49466,-0.001156,-11.429999,-11.429999,-4.318681
49486,-0.00156,-12.195000,-12.195000,-4.318681
49506,-0.004789,-12.735001,-12.735001,-4.351648
49544-0.005967,-13.410000,-13.410000,-4.35648
49564,-0.005967,-13.545000,-13.545000,-4.318681
49624,-0.007930,-13.635000,-13.635000,-4.285715
50020,-0.007930,-13.679999,-13.679999,-4.516483
50060,-0.008029,-13.679999,-13.679999,-4.483516
50178,-0.008029,-13.635000,-13.635000,-4285715
50218,-0.007930,-13.635000,-13.635000,-4.351648
50851,-0.007930,-13.590000,-13.590000,-4.15346
50891,-0.07832,-13.635000,-13.63500,-4.087912
50931,-0.007930,-13.635000,-13.635000,-4.219780
51842,-.007930,-13.590000,-13590000,-4.252747
51882,-0.007832,-13.635000,-13.635000,-4318681
51920,-0.007930,-13.635000,-13.635000,-4.318681
52098,-0.007930,-13.590000,-13.590000,-4.351648
52118,-0.007832,-13.635000,-13.65000,-4.351648
52158,-0.007930,-13.635000,-13.635000,-4.318681
53605,-0.007930,-13.590000,-13.590000-4.318681
53625,-0.007832,-13.590000,-13.590000,-4.318681
53664,-0.007832,-13.635000,-13.635000,-4.351648
53704,-0.007930,-13.635000,-13.635000,-4.417583
54614,-0.007930,-13.590000,-13.590000,-4.516483
54654,-0.007832,-13.590000,-13.590000,-4.516483
54771,-0.007832,-13.635000,-13.635000,-4.450550
54811,-0.090655,-1635000,-13.35000,-4.41753
54929,-0.090655,-13.005000,-13.005000,-4.318681
54949,-0.090655,-12.285000,-12.285000,-4.384615
54969,-0.087710,-11.205000,-11.205000,-4.417583
54989,-0.087710,-9.765000,-9.765000,-4.417583
55009,-0.082212,-7.920000,-7.920000,-4.417583
55029,-0.082212,-5.715000,-5.715000,-4.38465
55049,-0.073377,-3.10000,-3.150000,-4.318681
55107,-0.067781,3.510000,3.510000,-4.351648
55127,-0.003251,6.0750006.075000,-4.351648
55147,-0.003251,8.460000,8.460000,-4.384615
55167,0.007549,10.575000,10.575000,-4.417583
55187,0.007549,12.375000,12.375000,-4.45050
55207,0.066090,13.770000,13.77000,-4.483516
55246,0.069133,15.614999,15.614999,-4.516483
55266,0.069133,16.064999,16.064999,-4.648352
55286,0.074140,16.289999,16.289999,-4.648352
55306,0074140,16.155001,16.155001,-4.615385
55326,0.07436,15.839999,15.83999,-4.648352
55346,0.074336,15.345000,15.345000,-4.615385
55366,0.072569,14.625001,14.625001,-4.648352
55405,0.070998,12.600000,12.600000,-4.615385
55425,0.070998,11.340000,11.340000,-4.615385
55445,0.063832,9.945000,9.945000,4.615385
55465,0.063832,8.550000,8.550000,-4.450550
5548,0.007745,7.06000,7.065000,-4.417583
55505,0.007745,5.715000,5.715000,-4.417583
55525,0.00560,4.410000,.410000,-4.417583
5556,-0.001287,2.205000,2.205000,-4.38465
55584,-0.001287,1.440000,1.440000,-4.351648
55604,-0007767,0.855000,0.855000,-4.549451
55624,-0.007767,0.49500,0.495000-4.582417
55644,-0.009828,0.270000,0.270000,-4.615385
55664,-0.009828,0.225000,0.225000,-4.582417
55684,-0.060417,0.225000,0.225000,-4.516483
55723,-0.060417,0.180000,0.180000,-4.516483
55763,-0060516,0.135000,0.135000,-4.516483
55803,-0.060614,0.135000,0.135000,-4.450550
55942,-0060614,0.180000,0.180000,4.417583
55962,-0.06051,0.180000,0.180000,-4.450550
56040,-0.060516,0.135000,0.135000,-4.516483
56080,-0.060614,0.135000,0.135000,-4.516483
56198,-0.060614,0.180000,0.180000,-4.648352
56238,-0.060516,0.10000,0.18000,-4.648352
56477,-0.060516,0.135000,0.135000,-4.549451
56515,-0.060614,0.135000,0.135000,-4.582417
56575,-0.060614,0.090000,0.090000,-4.549451
56595,-0.060712,0.135000,0.135000,-4.483516
56635,-0.060614,0.135000,0.135000,-4.450550
56673,-0.060614,0.180000,0180000,-4.450550
56713,-0.060516,0.180000,0.180000,-4.417583
57069,-0.060516,0.135000,0.13500,-4.582417
57089,-0.060516,0.180000,0.180000,-4.615385
57148,-0.060417,0.180000,0.180000,-4.615385
57188,-0.060516,0.1800000.180000,-4.582417
5754,-0.060516,0.135000,0.15000,-4.615385
57584,-0.060614,0.135000,0.135000,-4.615385
57622,-0.060614,0.090000,0.090000,-4.549451
57662,-.060712,0.090000,0.090000,-4.516483
57780,-0.060712,0.13500,0.135000,-4.681319
57820,-0.060614,0.135000,0.135000,-4.813187
58018,-0.060614,0.180000,0.180000,-4.681319
58058,-0.060516,0.135000,0.135000,-4.68352
58096,-0.060614,0.135000,0.135000,-4.615385
58254,-0.060614,0.090000,0.09000,-4.450550
58294,-0.060712,0.090000,0.090000,-4.318681
58413,-0.060712,0.180000,0.180000,-4.483516
58453,-0.060516,0.18000,0.180000,-4.384615
58533,-0.060516,0.135000,0.135000,-4.417583
58571,-0.060614,0.180000,0.180000,-4.483516
58591,-0.060614,0.135000,0.135000,-4.516483
58611,-0.060614,0.180000,0.180000,-4.45550
58651,-0.060516,0.180000,0.1800,-4.648352
58810,-0.060516,0.225000,0.225000,-4.351648
58851,-0.060417,0.2250,0.225000,-4.29780
58889,-0.060417,0.180000,0.180000,-4.318681
5893,-0.060516,0.180000,0.180000,-4.285715
59068,-0.060516,0.225000,0.225000,-4.516483
59088,-0.060417,0.225000,0.225000,-4.483516
59108,-0.060417,0.180000,0.180000,-4.351648
59128,-0.060516,0.180000,0.180000,-4.384615
59206,-0.060516,0.13500,0.135000,-.483516
59246,-0.060614,0.135000,0.135000,-4.615385
59721,0.083019,0.135000,0.135000,-4.780220
59839,0.083019,0.000000,0.000000,-4.549451
59879,0.082725,-0.720000,-0.720000,-4.549451
59899,0.08725,-1.8000,-1.800000,-4.582417
59919,0.078798,-3.240000,-3.240000,-4.648352
59939,0.078798,-4.905000,-4.905000,-4.648352
59959,0.072024,-6.705000,-6.705000,-4.648352
59998,0.068097,-10.485001,-10.485001,-4.483516
60018,0.068097,-12.105000,-12.105000,-4.384615
60038,0.006316,-13.500000,-13.500000,-4.384615
60058,0.006316,-4.670000,-14670000,-4.417583
60078,0.000720,-15.570001,-15.570001,-4.417583
60098,0.000720,-16.155001,-16.155001,-4.83516
60118,-0.00252016.514999,-16.514999,-4.483516
60156,-0.003305,-16.740000,-16.740000,-4.549451
60196,-0.003796,-16.740000,-16.740000,-4.318681
60276,-0.003796,-16.695002,-16.695002,-4.384615
60315,-0.003698,-16.695002,-16.695002,-4.351648
61208,-0.003698,-16.740000,-16.740000-4.318681
61228,-0.003796,-16.740000,-16.740000,-4.318681
61266,-0.003796,-16.695002,-16.695002,-4.285715
61306,-0.003698,-16.695002,-16.695002,-.2780
61739,-0.003698,-16.740000,-16.740000,-4.25715
61779,-0.003796,-16.740000,-16.740000,-4.219780
61897,-0.003796,-16.695002,-16.695002,-4.219780
61937,-0.03698,-16.695002,-16.695002,-4.318681
61997,-0.003698,-16.740000,-16.740000,-4.318681
62017,-0.003796,-1.740000,-16.740000,-4.417583
62056,-0.003796,-16.69500,-16.695002,-4.384615
62096,-0.003698,-16.695002,-16.695002,-4.417583
62809,-0.003698,-16.650000,-16.6500,-4.087912
62847,-0.003600,-16.650000,-16.650000,-4.087912
62867,0.003600,-1.695002,-16.695002,-4.087912
62887,-0.003698,-16.695002,-16.695002,-4.087912
63324,-0.003698,-16.740000,-16.740000,-4.153846
63364,-0.003796,-16.740000,-16.740000,-4.153846
63482,-0.003796,-16.695002,-16.695002,-4.285715
63522,-0.003698,-16.695002,-16.695002,-4.120879
63562,-0.003698,-16.650000,-16.650000,-4.120879
63582,-0.003698,-16.695002,-16.695002,-4.186813
63640,-0.03698,-16.650000,-16.650000,-4.153846
63680,-0.003600,-16.695002,-16.695002,-4.351648
63721,-0.003698,-16.695002,-16.695002,-4.318681
64017,-0.003698,-16.74000,-16.740000,-4.351648
64037,-0.003796,-16.740000,-16.740000,-4.351648
64077,-0.003796,-16.695002,-16.695002,-4.384615
64115,-0.003698,-16.695002,-16.695002,-4.384615
64273,-0.003698,-16.740000,-16.740000,-4.285715
64313,-0.003796,-16.740000,-16.740000,-4.417583
64432,-0.003796,-16.695002,-16.695002,-4.417583
64472,-0.003698,-16.695002,-16.695002,-4.285715
64590,-0.003698,-16.740000,-16.740000,-4.252747
64630,-0.003796,-16.740000,-16.740000,-4.351648
64650,-0.003796,-16.695002,-16.695002,-4.351648
64670,-0.003698,-16.740000,-16.740000,-4.351648
64710,-0.003796,-16.695002,-16.695002,-4.318681
64748,-0.003698,-16.695002,-16.695002,-4.351648
65303,-0.003698,-16.740000,-16.740000,-4.384615
65343,-0.003796,-16.740000,-16.740000-4.318681
65540,-0.003796,-16.785000,-16.785000,-4.417583
65580,-0.003894,-16.785000,-16.785000,-4.318681
65697,-0.003894,-1.740000,-16.740000,-4.384615
65717,-0.003894,-16.695002,-16.695002,-4.450550
65737,-0.003698,-16.695002,-16.695002,-4.417583
66015,-0.003698,-16.740000,-16.740000,-4.450550
66055,-0.003796,-16.740000,-16.740000,-4.417583
66331,-0.003796,-16.695002,-16.695002,-4.285715
66372,-0.003698,-16.69500,-16.695002,-4.285715
66491,-0.003698,-16.740000,-16.740000,-4.417583
66531,-0.003796,-16.740000,-16.740000,-4.351648
66611,-0.003796,-16.695002,-16.695002,-4.252747
66649,-0.003698,-16.785000,-16.785000,-4.153846
66689,-0.03894,-16.740000,-16.740000,-4.252747
66729,-0.003796,-16.740000,-16.740000,-4.285715
66769,-0.003796,-16.785000,-16.785000,-4.318681
66808-0.003894,-16.695002,-16.695002,-4.351648
66848,-0.003698,-16.740000,-16.740000,-4.351648
66868,-0.003698,-16.695002,-16.695002,-4.318681
67047,-0.003698,-16.740000,-16.740000,-4.285715
67087,-0.003796,-16.695002,-16.695002,-4.285715
67126,-0.00368,-16.740000,-16.740000,-4.285715
67146,-0.00398,-16.695002,-16.695002,-4.252747
67564,-0.003698,-16.740000,-16.740000,-4.384615
67603,-0.003796,-16.740000,-16.740000,-4.351648
6762,-0.003796,-16.695002,-16.695002,-4.384615
67643,-0.00369,-16.695002,-16.695002,-4.417583
67820,-0.003698,-16.65000,-16.650000,-4.186813
67840,-0.003600,-16.695002,-16.695002,-4.021978
67880,-0.003698,-16.695002,-16.695002,-3.890110
67937,-0.003698,-16.740000,-16.740000,-3.989011
67957,-0.003796,-16.695002,-16.695002,-4.087912
67997,-0.03698,-16.69002,-16.695002,-3.923077
68711,-0.03698,-16.740000,-16.740000,-4.186813
68751,-0.003796,-16.740000,-16.740000,-4.219780
68869,-0.003796,-16.695002,-16.695002,-4.318681
68909,-0.003698,-16.695002,-16.695002,-4.38461
69027,-0.003698,-16.650000,-16.650000,-4.351648
69067,-0.003600,-16.650000,-16.650000,-4.351648
69185,-0.003600,-16.695002,-16.695002,4.219780
69225,-0.003698,-16.695002,-16.695002,-4.219780
69720,-0.003698,-16.74000,-16.740000,-4.384615
69740,-0.003796,-16.740000,-16.740000,-4.31681
69780,-0.003796,-16.695002,-16.695002,-4.285715
69818,-0.003698,-16.695002,-16.695002,-4.219780
69977,-0.003698,-16.650000,-16.650000,-4.252747
69997,-0.003698,-16.695002,-16.695002,-4.285715
70452,-0.003698,-16.740000,-16.740000,-4.252747
70493,-0.003796,-16.695002,-16.695002,-4.285715
70534,-0.003698,-16.695002,-16.695002,-4.351648
70733,-0.003698,-16.650000,-16.650000,-4.351648
70772,-0.003600,-16.695002,-16.695002,-4.384615
70812,-0.003698,-16.695002,-16.695002,-4.351648
71128,-0.108239,-16.695002,-16.695002,-4.219780
71247,-0.10239,-16.424999,-16.424999,-4.384615
71267,-0.108239,-15.974999,-15.974999,-4.285715
71287,-0.106669,-15.120000,-15.120000,-4.351648
71307,-0.106669,-13.860000,-13.860000,-4.384615
71327,-0.102054,-12.195000,-12.195000,-4.417583
71347,-.102054,-10.080000,-10.080000,-4.45050
71367,-0.93808,-7.425000,-7.42500,-4.51643
71405,-0.088015,-0.990000,-0.990000,-4.516483
71425,-0.088015,1.215000,1.215000,-4.516483
71445,-0.069166,5.040000,5.040000,-4.450550
71465,-0.069166,9.000000,9.000000,-4.417583
71485,-0.002182,13.14000,13.140000,-4.351648
71505,-0.002182,17.23500,17.235001,-4.285715
71525,0.065784,21.240000,21.240000,-4.318681
71563,0.074522,27.900000,27.900000,-4.384615
71583,0.074522,30.374998,30.374998,-4.417583
71603,0.094451,32.310001,32.310001,-4.483516
71623,0.094451,33.615002,33.615002,-4.483516
71643,0.101520,34.334999,34.334999,-4.615385
71663,0.101520,34.470001,34.470001,-4.714286
71683,0.103385,34.290001,34.290001,-4.648352
71721,0.102993,33.704998,33.704998,-4.648352
71741,0.102993,33.345001,33.345001,-4.681319
71761,0.100931,32.940002,32.940002,-4.681319
71781,0.100931,32.535000,32.535000,-4.648352
71801,0.099164,32.129997,32.129997,-4.615385
71821,0.099164,31.860001,31.860001,-4.648352
71841,0.097691,31.545000,1.545000,-4.615385
71880,0.097004,30.915001,30.915001,-4.615385
71900,0.09700,30.599998,30.599998,-4.549451
71920,0.09494230.149998,30.149998,-4.549451
71940,0.094942,29.565001,29.565001,-4.516483
71960,0.092684,28.800001,28.800001,-4.549451
71980,0.092684,27.809999,27.809999,-4.516483
72000,0.088855,26.550001,26.550001,-4.48316
72038,0.086107,23.309999,23.309999,-4.384615
72058,0.086107,21.330000,21.330000,-4.285715
72078,0.074718,19.170000,19.170000,-4.252747
72098,0.074718,16.875000,16.875000,-4.153846
72118,0.064999,14.445000,14.445000,-4.153846
72138,0.064999,12.015000,12.015000,-4.120879
72158,0.004396,9.585000,9.585000,-4.120879
72196,-0.000905,5.040000,5.040000,-4.153846
72216,-0.00905,3.06000,3.060000,-4.153846
72236,-0.065141,1.350000,1.350000,-4.120879
72256,-0.065141,0.000000,0.000000,-4.054945
72276,-0.071817,0.000000,0.000000,-4.087912
72296,-0.0718170.495000,-0.495000,-4.087912
72316,-0.072897,-0.990000,-0.990000,-4.054945
72355,-0.073976,-1.305000,-1.305000,-4.021978
72375,-0.073976,-1.170000,-1.170000,-4.10879
7239,-0.074369,-0.765000,-0.765000,-4.120879
72415,-0.074369,-0.225000,-0.225000,-4.087912
7245,-0.072307,0000000,0.0000,-4.054945
72455,-0.072307,0.045000,0.045000,-4.054945
72475,-0.071718,1.170000,1.17000,-4.054945
72513,-0.069264,3.735000,3.735000,-3.989011
72533,-0.069264,5.040000,5.040000,-3.956044
72553,-0.060821,6.390000,6.390000,-3.989011
72573,-0.060821,7.740000,7.740000,-3.989011
72593,-0.004931,9.000000,9.000000,-3.989011
72613,-0.004931,10.215000,10.215000,-4.021978
72633,0.000469,11.340000,11.340000,-4.054945
72671,0.002923,13.095000,13.095000,-4.120879
72692,0.002923,13.679999,13.679999,-4.120879
72712,0.008029,14.30000,14.130000,-4.186813
72733,0.008029,14.445000,14.445000,-4.153846
72753,0.009697,14.625001,14.625001,-4.219780
72773,0.009697,14.670000,14.670000,-4.186813
72793,0.060188,14.670000,14.670000,-3.956044
72871,0.060188,14.715000,14.7150,-3.857143
72911,0.060287,14.715000,14.715000,-3.791209
72931,0.060287,14.670000,14.670000,-3.791209
72951,0.060188,14.70000,14.670000,-3.989011
73464,0.060188,14.62501,14.625001,-4.087912
73504,0.060090,14.625001,14.625001-4.087912
73683,0.060090,14.670000,14.670000,-4.120879
73703,0.060188,14.670000,14.670000,-4.153846
74378,0.06018,14.715000,14.715000,-4.120879
74416,0.060287,14.715000,14.715000,-4.186813
74436,0.06028,14.670000,14.670000,-4.153846
74456,0.060188,14.715000,14.715000,-4.186813
74496,0.060287,14.715000,14.715000,-4.186813
74536,0.06028,14.670000,14.670000,-4.087912
74574,0.060188,14.670000,14.670000,-4.087912
746140.060188,14.625001,14.25001,-4.054945
74654,0.060090,14.625001,14.625001,-4.054945
74674,0.060090,14.670000,14.670000,-4.021978
74694,0.060188,14.670000,14.670000,-4.08792
74812,0.060188,14.71000,14.715000,-4.021978
74832,0.060188,14.670000,14.67000,-4.054945
75149,0.060188,14.62501,14.625001,-4.054945
75169,0.060090,14.625001,14.625001,-4.021978
75328,0.060090,14.670000,14.670000,-3.989011
75367,0.060188,14.670000,14.670000,-3.956044
75448,0.060188,14.715000,14.715000,-4.120879
75468,0.060188,14.670000,14.670000,-4.120879
75488,0.060188,14.715000,14.715000,-4.120879
75527,0.060287,14.670000,14.670000,-4.153846
75567,0.060188,14.670000,14.670000,-4.087912
75725,0.06018,14.62500,14.625001,-4.054945
75765,0.060090,14.625001,14.625001,-4.087912
75843,0.060090,14.670000,14.670000,-4.120879
7583,0.060188,14.670000,14.670000,-.087912
76101,0.060188,14.625001,14.625001,-4.087912
76121,0.060090,14.625001,14.625001,-4.087912
76240,0.060090,14.670000,14.670000,-3.956044
76280,0.060188,14.625001,14625001,-3.956044
76318,0.060090,14.670000,14.670000,-3.989011
76358,0.060188,14.670000,14.70000,-3.923077
76497,0.060188,14.625001,14.625001,-4.285715
76517,0.060090,14.625001,14.625001,-4.252747
76655,0.060090,14.670000,14.670000,-4.087912
76675,0.060188,14.670000,14.60000,-4.087912
77169,0.060188,14.625001,14.625001,-4.087912
77189,0.060090,14.625001,14.625001,-4.05495
77209,0.060090,14.60000,14.670000,-4.054945
77229,0.060188,14.67000,14.670000,-4.054945
77347,0.060188,14.625001,14.62500,-4.087912
77387,0.060090,14.625001,14.625001,-4.153846
77583,0.06000,14.670000,14.670000,-4.153846
77624,0.06018,14.670000,14.670000,-4.153846
77744,0.060188,14.715000,14.715000,-4.219780
77784,0.060287,14.715000,14.715000,-4.186813
77903,0.060287,14.670000,14.670000,-4.252747
77943,0.060188,14.670000,14.670000,-4.252747
78538,0.060188,14.715000,1.715000,-4.153846
78578,0.060287,14.715000,14.715000,-4.153846
78696,0.060287,14.670000,14.670000,-4.021978
78736,0.060188,14.670000,14.670000,-4.054945
78895,0.060188,14.715000,1.715000,-4.120879
78935,0.060287,14.715000,14.715000,-4.054945
79014,0.060287,14.670000,14.670000,-4.120879
79054,0.060188,14.625001,14.625001,-4.120879
79094,0.060090,14.625001,14.625001,-4.186813
79173,0.060090,14670000,14.670000,-4.219780
79213,0.060188,14.670000,14.670000,-4.252747
79490,0.060188,14.625001,14.625001,-4.186813
79531,0.060090,14.625001,14.625001,-4.153846
79809,0.060090,14.625001,-7.333047,-4.219780
79849,-0.087815,14.625001,-7.333047,-4.285715
79929,0.087815,14.759999,-7.33047,-4.252747
79968,-0.087815,15.570001,-7.333047,-4.252747
79988,-0.087815,16245001,-7.333047,-4.21980
80008,-0.087815,17.190001,-7.33047,-4.219780
80028,-0.087815,18.405001,-7.333047,-4.120879
80048,-0.087815,19.934999,-7.333047,-4.120879
80068,-0.087815,21.735001,-.333047,-4.087912
80088,-0.087815,23.715000,-7.333047,-4.087912
80127,-0.087815,27.855000,-7.333047,-4.021978
80147,-0.087815,29.610001,-7.333047,-4.021978
80167,-0.08781531.094999,-7.333047,-4.087912
80187,-0.087815,32.310001,-7.333047,-4.087912
80207,-0.087815,33.16500,-7.333047,-4.087912
80227,-0.087815,33.750000,-7.333047,-4.054945
80247,-0.087815,33.974998,-7.333047,-4.054945
80286,-0.087815,34.020000,-7.333047,-4.153846
80386,-0.087815,34.065002,-7.333047,-4.120879
80406,-0.087815,34.020000,-7.33347,-4.054945
80565,-0.087815,33.974998,-7.333047,-3.857143
80624,-0.087815,34.020000,-7.333047,-3.824176
80705,-0.087815,34.065002,-7.333047,-3.725275
80765,-0.087815,34.020000,-7.333047,-3.659341
80845,-0.087815,34.065002,-7.333047,-3.461538
80963,-0.087815,34.020000,-7.333047,-3.131868
80983,-0.087815,33.974998,-7.333047,-3.065934
81023,-0.087815,33.930000,-7.333047,-2.934066
81081,-0.087815,33.930000,7.333047,-2.670330
8112,-0.005818,33.974998,7.333047,-2.439560
81239,-0.00581,34.020000,7.33047,-2.109890
81299,0.005818,33.974998,7.333047,-1.879121
81319,-0.005818,34.020000,7.333047,-1.747253
81398,-0.005818,34.065002,7.333047,-1.648352
81438,-0.005818,34.110001,7.333047,-1.615385
81518,-0.005818,34.065002,7.333047,-1.450549
81657,-0.005818,34.020000,7.333047,-1.285714
81716,-0.005818,33.974998,7.333047,-1.285714
81816,-0.005818,34.020000,7.333047,-1.318681
81875,-0.005818,34.65002,7.333047,-1.318681
81935,-0.005818,34.020000,7.333047,-1.318681
81975,-0.005818,34.065002,7.333047,-1.318681
82074,-0.005818,34.020000,7.333047,-1.417582
82114,-0.005818,34.065002,7.333047,-1.450549
82154,-0.005818,34.020000,7.33347,-1.450549
82314,-0.005818,34.065002,7.333047,-1.450549
82352,-0.005818,34.020000,7.333047,-1.450549
82372,-0.005818,33.974998,7.333047,1.450549
82452,-0.005818,34.020000,7.333047,-1.384615
82472,-0.005818,33.974998,7.333047,-1.417582
82510,-0.005818,34.020000,7.333047,-1.417582
82610,-0.00588,34.065002,7.333047,-1.417582
82669,-0.005818,34.020000,7.333047,-1.285714
82689,-0.005818,34.065002,7.333047,-1.285714
82709,-0.005818,34.020000,7.333047,1.252747
82827,-0.005818,33.930000,7.333047,-1.417582
82987,-0.005818,34.065002,7.333047,-1.351648
83166,-0.005818,34.020000,7.333047,-.35648
83226,0.005818,33.974998,7.33047,-1.450549
83266,-0.005818,34.020000,7.333047,-1.483516
83324,-0005818,34.065002,7.333047,-1.417582
83364,-0.005818,34.020000,7.333047,-1.417582
83462,-0.005818,33.974998,7.33347,-1.417582
83543,-0.005818,34.020000,7.333047,-1.351648
83583,-0.005818,34.065002,7.333047,-1.351648
83621,-0.005818,34.020000,7.333047,-1.384615
83641,-0.005818,34.065002,7.333047,-1.384615
83681,-0.005818,34.110001,7.333047,-1.351648
83701,-0.005818,34.065002,7.333047,-1.31868183721,-0.005818,34.110001,7.333047,-1.285714
83779,-0.005818,34.020000,7.333047,-1.384615
83819,-0.005818,33.974998,7.333047,-1.450549
83879,-0.005818,33.930000,7.333047,-1.516484
83937,-0.005818,33.97498,7.333047,-1.384615
84017,-0.005818,34.020000,7.333047,-1.384615
84116,-0.005818,33.974998,7.333047,-1.450549
84136,-0.005818,34.020000,7.333047,-1.450549
84196,-0.00518,34.065002,7.333047,-1.384615
84216,-0.005818,34.020000,7.333047,-1.318681
84295,-0.005818,33.974998,7.333047,-1.351648
84315,-0.005818,33.930000,7.333047,-1.351648
84335,-0.005818,33.9749987.33047,-1.285714
84414,-0.005818,33.930000,7.333047,-1.384615
84454,-0.005818,33.974998,7.333047,-1.417582
8449,-0.005818,33.930000,7.333047,-1.483516
84573,-0.005818,34.065002,7.333047,-1.384615
84633,-0005818,34.020000,7.333047,-1.351648
84732,-0.005818,33.974998,7.333047,-1.384615
84752,-0.005818,34.020000,7.333047,-1.351648
84772,-0.005818,34.065002,7.333047,-1.351648
84852,-0.005818,34020000,7.333047,-1.351648
84891,-0.005818,33.974998,7.333047,-1.351648
84991,-0.005818,34.020000,7.333047,-1.318681
85228,-0.005818,34.065002,7.33307,-1.483516
85288,-0.005818,34.020000,7.333047,-1.450549
85308,-0.005818,34.065002,7.333047,-1.483516
85328,-0.005818,34.020000,7.333047,-1.450549
85367,-0.005818,33.974998,7.333047,-1.384615
85407,-0.005818,33.930000,7.333047,-1.417582
85487,-0.005818,33.974998,7.33304,-1.318681
85546,-0.005818,34.020000,7.333047,-1.351648
85646,-0.005818,34.065002,7.333047,-1.384615
85745,-0.005818,34.020000,7.333047,-1.417582
85805,-0.05818,33.974998,7.333047,-1.384615
85884,-0.005818,34.020000,7.333047,-1.384615
86063,-0.005818,33.974998,7.333047,-1.384615
86083,-0.00581834.020000,7.333047,-.351648
86103,-0.005818,34.065002,7.333047,-1.351648
86123,-0.005818,34.020000,7.333047,-1.351648
86201,-0.005818,34.020000,34.020000,-1.417582
86221,-0.005818,34.065002,34.065002,-1.450549
86241,0.102502,34.020000,4.020000,-1.450549
86261,0.102502,34.065002,3.065002,-1.483516
86320,0.102502,33.480000,33.480000,-1.417582
86340,0.102502,32.579998,32.579998,-1.417582
86360,0.099262,31.229998,31.229998,-1.351648
86380,0.099262,29.474998,29.474998,-1.318681
86400,0.092488,27.315001,27.315001,-1.351648
86420,0.092488,24.660000,24660000,-1.35648
86440,0.081983,21.555000,21.555000,-1.318681
86478,0.075209,15.074999,15.07999,-1.153846
86498,0.075209,11.880000,11.880000,-1.153846
86518,0.004102,8.775001,8.775001,-1.120879
86538,0.004102,5.760000,5.760000,-1.054945
86558,-0.009250,2.880000,2.880000,-1.087912
86578,-0.00925,0.360000,0.360000,-1.054945
86598,-0.071031,-0.495000,-0.495000,-1.120879
86637,-0.072897,-3.780000,-3.780000,-1.087912
86657,-0.072897,-4.860000,-4.860000,-1.120879
86677,-0.082419,-5.535000,-5.535000,-1.120879
86697,-0.08219,-5.895000,-5.895000,-1.087912
86717,-0.084678,-5.805000,-5.805000,-1.021978
86737,-0.084678,-5.355000,-5.355000,-1.021978
86757,-0.083499,-4.725000,-4.725000,-1.054945
86795,-0.082125,-2.700000,-2.700000,-0.989011
86815,-0.082125,-1.350000,-1.350000,-0.956044
86835,-0.074762,0.000000,0.000000,-0.989011
86855,-0.74762,0.765000,0.765000,-1.021978
86875,-0.070148,2.745000,2.745000,-1.021978
86895,-0.070148,4.725000,4.725000,-1.021978
86915,-0.061508,6.795000,6.795000,-1.021978
86953,-0.006992,10.934999,10.934999,-1.087912
86973,-0.006992,12.780001,12.780001,-1.054945
86993,0.00665,14.400001,14.400001,-.054945
87013,0.006065,15.705001,1.705001,-1.054945
87033,0.062446,1.740000,16.740000,-1.021978
87053,0.062446,17.504999,17.504999,-1.02178
87073,0.066373,17.955000,17.955000,-1.021978
87111,0.067355,18.405001,18.405001,-0.989011
87131,0.067355,18.450001,18.450001,-0.956044
87151,0.068435,18.450001,8.450001,-0.923077
87171,0.068435,18.315001,18.31501,-0.923077
87191,0.068141,18.090000,18.090000,-0.956044
87211,0.068141,17.685001,17.685001,-0.989011
87231,0.066766,17.190001,17.190001,-0.989011
87269,0.065686,15.705001,15.705001,-1.054945
87289,0.06686,14.759999,14.759999,-1.120879
87309,0.060385,13.724999,13.724999,-1.087912
87329,0.060385,12.690000,12.69000-1.120879
8749,0.005869,11.790000,11.790000,-1.087912
87369,0.005869,10.845000,10.845000,-1.087912
87389,0.001844,10.035000,10.035000,-1.054945
87427,0.000076,8.820000,8.820000,-1.054945
87447,0.000076,8.370000,8.370000,-1.054945
87467,-0.003556,8.055000,8.055000,-1.087912
87487,-0.003556,7.875000,7.875000,-1.021978
87507,-0.004636,7.785000,7.785000,-1.054945
87527,-0.004636,7.740000,7.740000,-1.021978
87547,-0.004931,7.785000,7.785000,-1.054945
87585,-0.004832,7.785000,7.785000,-1.021978
87743,-0.0048327.740000,7.740000,-0.956044
87784,-0.004931,7.740000,740000,-0.956044
88161,-0.004931,7.695000,7.69000,-0.989011
88181,-0.005029,7.695000,7.695000,-1.021978
88300,-0.05029,7.740000,7.740000,-0.758242
88340,-0.004931,7.785000,7.785000,-0.824176
88379,-0.00483,7.785000,7.785000,-0.758242
88459,-0.004832,7.740000,7.740000,-0.89010
88499,-0.004931,7.740000,7.740000,-0.890110
88538,-0.004931,7.785000,7.785000,-0.956044
88558,-0.004931,7.740000,7.740000,-0.95604488578,-0.004931,7.785000,7.785000,-0.890110
88618,-0.004832,7.785000,7.785000,-0.923077
88658,-0.004832,7.740000,7.740000,-0.956044
88696,-0.004931,7.740000,7.740000,-0.989011
88796,-0.004931,7.785000,7785000,-1.054945
88816,-0.004832,7.785000,7.785000,-1.054945
88895,-0.004832,7.740000,7.740000,-1.05494
88935,-0.004931,7.740000,7.740000,-1.021978
89093,-0.004931,7.78500,7.785000,-0.989011
89113,-0.004931,7.740000,7.740000,-0.989011
89409,-0.004931,7.695000,7.695000,-1.054945
89449,-0.005029,7.695000,7.695000,-1.087912
89686,-0.005029,7.740000,7.740000,-0.92077
89726,-0.004931,7.740000,7.740000,-1.021978
90477,-0.004931,7.695000,7.695000,-1.021978
90517,-0.05029,7.695000,7.695000,-0.956044
90636,-0.005029,7.740000,7.740000,-1.021978
90676,-0.004931,7.69500,7.695000,-1.087912
90696,-0.004931,7.740000,7.740000,-1087912
90855,-0.004931,7.695000,7.695000,-0.956044
90875,-0.005029,7.695000,7.695000,-0.956044
91034,-0.005029,7.740000,7.74000,-1.219780
91072,-0.004931,7.740000,7.740000,-1.120879
91250,-0.004931,7.785000,7.785000,-0.989011
91270,-0.004832,7.785000,7.785000,-0.989011
91350,-0.004832,7.740000,7.740000,-1.021978
91388,-0.004931,7.785000,7.785000,-0.989011
91408,-0.004931,7.740000,7.740000,-0.989011
91547,-0.004931,7.695000,7.695000,-1.01978
91587,-0.005029,7.695000,7.695000,-0.98011
91705,-0005029,7.740000,7.740000,-0.956044
91745,-0.004931,7.740000,7.740000,-0.890110
9183,-0.005029,7.740000,7.740000,-0.8241763
92021,-0.004931,7.695000,7.695000,-0.890110
92041,-0.004931,7.740000,7.740000,-0.857143
92180,-0.004931,7.785000,7.785000,-0.989011
92200,-0.004931,7.740000,7.740000,-0.956044
92260,-0.004931,7.785000,7.785000,-0.956044
92280,-0.04931,7.740000,7.740000,-0.890110
92754,-0.004931,7.695000,7.695000,-1.054945
92774,-0.005029,7.695000,7.695000,-1.120879
92851,-0.005029,7.740000,7.740000,-1.021978
92891,-0.004931,7.740000,7.740000,-0.98011
93028,-0.004931,7.695000,7.695000,-0.989011
93048,-0.005029,7.695000,7.695000,-0.956044
93126,-0.005029,7.740000,7.740000,-0.989011
93166,-0.004931,7.740000,7.740000,-0.956044
93284,-0.004931,7.785000,7.785000,-.890110
93304,-0.004931,7.740000,7.740000,-0.857143
93344,-0.004931,7.785000,7.785000,-0.956044
93364,-0.004832,7.785000,7.785000,-0.956044
93404,-0.004832,7.740000,7.740000,-0.956044
93442,-0.004931,7.695000,7.695000,-0.956044
93482,-0.005029,7.695000,7.695000,-1.054945
93562,-0.005029,7.740000,7.740000,-1.021978
93600,-0.004931,7.740000,7.740000,-0.824176
93700,-0.004931,7.695000,7.695000,-0.824176
93720,-0.005029,7.695000,7.695000,-0.890110
93758,-0.005029,7.740000,7.740000,-.923077
93798,-0.004931,7.740000,7.740000,-0.923077
94392,-0.004931,7.695000,7.695000,-1.087912
94432,-0.005029,7.695000,7.695000,-0.989011
94512,-0.005029,7.740000,7.740000,-0.857143
94551-0.004931,7.695000,7.695000,-1.021978
94591,-0.005029,7.695000,7.695000,-1.120879
94749,-0.005029,7.74000,7.740000,-1.120879
94769,-0.00509,7.695000,7.695000,-1.087912
94868,-0.005029,7.740000,7.740000,-0.824176
94908,-0.004931,7.740000,7.740000,-0.857143
95025,-0.0049317.695000,7.95000,-1.054945
95065,-0.005029,7.695000,7.695000,-1.087912
95085,-0.005029,7.740000,7.740000,-1.087912
95105,-0.004931,7.740000,7.740000-1.054945
95203,-0.004931,7.785000,7.785000,-0.989011
95223,-0.004832,7.740000,7.740000,-0.956044
95243,-0.004832,7.785000,7.785000,-0.956044
95283,-0.004832,7.740000,7.740000,-0.989011
95303,-0.004931,7.740000,7.740000,-0.95604
95657,-0.004931,7.785000,7.785000,-0.989011
95697,-0.004832,7.785000,7.785000,-0.956044
95896,-0.004832,7.740000,7.740000,-0.923077
95936,-0.004931,7.74000,7.740000,-0.857143
96133,-0.004931,7.785000,.785000,-1.021978
96174,-0.004832,7.785000,7.785000,-1.21978
96255,-0.004832,7.740000,7.740000,-0.890110
96293,-0.004931,7.740000,7.40000,-0.82416
96313,-0.004931,7.785000,7.785000,-0.857143
96333,-0.004832,7.785000,7.785000,-0.857143
96452,-0.004832,7.740000,7.740000,-0.824176
96492,-0.004931,7.740000,7.740000,-.890110
96572,-0.004931,7.695000,7.695000,-0.791209
96611,-0.005029,7.695000,7.695000,-0.692308
96711,-0.005029,7.650000,7.650000,-0.890110
96731,-0.005127,7.695000,7.695000,-0.89011
96769,-0.005029,7.695000,7.695000,-1.087912
96789,-0.005029,7.650000,7.650000,-1.054945
96809,-0.005127,7.650000,7.650000,-1.021978
96829,-0.005127,7.695000,7.695000,-1021978
96850,-0.005029,7.695000,7.695000,-1.021978
96969,-0.005029,7.650000,7.650000,-1.087912
97009,-0.005127,7.650000,7.650000,-1.087912
97087,-0.005127,7.605000,7.605000,-1.153846
97107,-0.005127,7.50000,7.65000,-1.186813
97187,-0.005127,7.605000,7.605000,-1.087912
97207,-0.005225,7.605000,7.605000,-1.054945
97244,-0.005225,7.650000,7.650000,-0.989011
97284,-0.005127,7.650000,7.650000,-0.989011
97304,-0.005127,7.695000,7.695000,-.989011
97324,-0.00502,7.695000,7.695000,-0.956044
