time,steering_pid_out,real_steering,target_steering,trailer_value
105436,0.000971,5.400000,5.400000,-4.18681
105495,0.000873,5.400000,5.400000,-.285715
105595,0.000873,5.445000,5.445000,-4.153846
105615,0.0009715.445000,5.445000,-4.153846
105653,0.000971,5.490000,5.490000,-4.054945
105693,0.001069,5.490000,5.490000,-4.087912
105734,0.00069,5.445000,5.445000,-4.219780
105774,0.000971,5.445000,5.445000,-4.219780
105833,0.000971,5.490000,5.490000,-4.153846
105853,0.001069,5.490000,5.490000,-4.219780
105933,0.001069,5.535000,5.35000,-4.153846
105971,0.001167,5.490000,5.490000,-4.153846
106011,0.001069,5.490000,5.490000,-4.120879
106071,0.001069,5.445000,5.44000,-4.08792
106091,0.000971,5.445000,5.445000,-4.120879
106209,0.000971,5.490000,5.490000,-3.989011
106229,0.000971,5.445000,5445000,-4.021978
106308,0.000971,5.400000,5.400000,-4.120879
106328,0.000873,5.400000,5.400000,-4.087912
106447,0.000873,5445000,5.445000,-4.186813
106487,0.000971,5.490000,5.49000,-4.186813
106527,0.001069,5.490005.490000,-4.120879
106606,0.001069,5.4450005.445000,-4.52747
106646,0.000971,5.445000,5.445000,-4.186813
106706,0.000971,5.400000,5.400000,-4.219780
106726,0.000873,5.445000,5.445000,-4.252747
106764,0.000971,5.445000,5.445000,-4.186813
106844,0.000971,5.490000,5.490000,-4.219780
106923,0.000971,5.400000,5.400000,-4.153846
106963,0.000873,5.400000,5.400000,-4.153846
107082,0.000873,5.445000,5.445000,-4.120879
107122,0.000971,5.445000,5.445000,-4.120879
107163,0.000971,5.400000,5.400000,-4.120879
107203,0.000873,5.445000,5.445000,-4.120879
107241,0.000971,5.400000,5.4000,-4.153846
107281,0.000873,5.400000,5.400000,-4.153846
107399,0.000873,5.490000,5.490000,-4.120879
107439,0.001069,5.490000,.490000,-4.219780
107460,0.001069,5.4450005.445000,-4.318681
107480,0.000971,5.490000,5.490000,-4.417583
107520,0.001069,5.445000,5.445000,-4.351648
107559,0.000971,5.445000,5.445000,-4.252747
107718,0.000971,5.90000,5.490000,-4.054945
107758,0.001069,5.490000,5.490000,-4.054945
107876,0.001069,5.445000,5.445000,-4.087912
107916,0.000971,5.445000,5.445000,-3.989011
108671,0.000971,5.490000,5.490000,-4120879
108711,0.0010695.535000,5.55000,-3.989011
108751,0.001167,5.535000,5.535000,-4.054945
108830,0.001167,5.490000,5.490000,-4.087912
108870,0.001069,5.445000,5.445000,-4.186813
108890,0.001069,5.49000,5.490000,-4.186813
108930,0.001069,5.445000,5.445000,-4.120879
108950,0.00091,5.445000,5.445000,-4.120879
108989,0.000971,5.490000,5.490000,-4.120879
109030,0.001069,5.445000,5.445000,-4.186813
109071,0.000971,5.445000,5.44000,-4.285715
109111,0.000971,5.400000,5.400000,-4.25277
109149,0.000873,5.400000,5.400000,-4.252747
109189,0.000873,5.355000,5.355000,-4.219780
109209,0.000873,5.400000,5.400000,-4.186813
109307,0.000873,5.355000,5.355000,-4.153846
109327,0.000873,5.400000,5.400000,-4.120879
109546,0.00087,5.445000,5.445000,-4.10879
109586,0.000971,5.445000,5.445000,-4.087912
109746,0.00873,5.40000,5.400000,-4.2527477
109785,0.000873,5.445000,5.445000,-4.219780
109826,0.000971,5.445000,5.445000,-4.153846
110044,0.000971,5.400000,5.400000,-4.219780
110064,0.000873,5.445000,5.445000,-4.219780
110102,0.000971,5.400000,5.400000,-4.153846
110142,0.000873,5.400000,5.400000,-4.186813
110162,0.000873,5.45000,5.445000,-4.252747
110182,0.00971,5.445000,5.445000,-4.186813
110342,0.000971,5.400000,5.400000,-4.252747
110362,0.000971,5.445000,5445000,-4.86813
110415,0.000971,5.490000,5.490000,-4.054945
110455,0.001069,5.490000,5.490000,-4.054945
110475,0.001069,5.535000,5.535000,-4.087912
110495,0.001167,5.535000,5.535000,-4.087912
110615,0.001167,5.580000,5.580000,-4.219780
110635,0.001167,5.535000,5.535000,-4219780
111197,0.001167,5.580000,5.580000,-4.054945
111217,0.001265,5.580000,5.580000,-4.120879
111237,0.001265,5.535000,5.535000,-4.153846
111257,0.001167,5.535000,5.535000,-4.120879
111577,0.001167,5.490000,5.490000,-4.219780
111617,0.001069,5.490000,5.490000,-4.219780
111677,0.001069,5.445000,5.445000,-4.318681
111697,0.000971,5.445000,5.445000,-4.351648
111797,0.000971,5.490000,5.490000,-4.318681
111817,0.001069,5.490000,5.490000,-4.318681
111857,0.001069,5.535000,5.535000,-4.285715
11187,0.001167,5.535000,5.35000,-4.219780
111957,0.001167,5.490000,5.490000,-4.219780
11197,0.001069,5.490000,5.490000,-4.186813
112277,0.001069,5.535000,5.535000-4.054945
112297,0.001167,5.535000,5.535000,-4.054945
113738,0.001167,5.580000,5.580000,-4.153846
113779,0.001265,5.580000,5.580000,-4.186813
113880,0.001265,5.535000,5.35000,-4.219780
113900,0.001167,.535000,5.535000,-4.219780
114180,0.001167,5.490000,5.490000,-4.054945
1142200.001069,5.490000,5.490000,-3.956044
114460,0.01069,5.445000,5.445000,-4.285715
114500,0.000971,5.445000,5.445000,-4.285715
11600,0.000971,5.490000,5.490000,-4.351648
116200.001069,5.535000,5.535000,-4.351648
114660,0.001167,5.535000,5.535000,-4.351648
114860,0.001167,5.490000,5.490000,-4.186813
114900,0.001069,5.445000,5.445000,-4.087912
114940,0.000971,5.44000,5.445000,-4.021978
114960,0.000971,5.490000,5.490000,-4.087912
114980,0.001069,5.490000,5.490000,-4.054945
115540,0.00106,5.535000,5.535000,-4.252747
115580,0.001167,5.535000,5.535000,-4.186813
115740,.001167,5.580000,5.50000,-4.054945
115780,.001265,5.535000,5.535000,-4.285715
115820,0.001167,5.535000,5.535000,-4.285715
116781,0.001167,5.490000,5.490000,-4.285715
116821,0.001069,5.490000,5.490000,-4.318681
116922,0.001069,5.5350005.535000,-4.219780
116942,0.001167,5.535000,5.53000,-4.219780
117123,0.001167,5.580000,5.580000,-4.186813
117143,0.001265,5.535000,5.535000,-4.186813
117183,0.001167,5.535000,5.535000,-4.120879
117223,0.001265,5.580000,5.580000,-4.120879
117343,0.001265,5.535000,5.535000,-4.153846
117383,0.001167,5.535000,5.535000,-4.120879
117584,0.001167,5.580000,5.580000,-4.186813
117604,0.001167,5.535000,5.535000,-4.153846
118485,0.001167,5.580000,5.5800,-4.087912
118505,0.001265,5.580000,5.580000,-4.186813
118525,0.001265,5.535000,5.535000,-4.252747
118546,0.001167,5.53500,5.535000,-4.252747
118687,0.001167,5.580000,5.580000,-4.120879
118707,0.001265,5.535000,5.535000,-4.120879
11874,0.001167,5.535000,5.535000,-4.054945
118887,0.001167,5.580000,5.580000,-4.285715
118907,0.001265,5580000,5.580000,-4.318681
118967,0.001265,5.535000,5.535000,-4.153846
118987,0.001167,5.535000,5.535000,-4.120879
119568,0.001167,5.490000,5.490000,-4.219780
119588,0.001069,5.535000,5.535000,-4.219780
119628,0.001167,5.535000,535000,-4.186813
119808,0.001167,5.490000,5.490000,-4.153846
119828,0.001069,.490000,5.490000,-4.153846
119928,0.001069,5.535000,5.535000,-4.186813
119948,0.001167,5.535000,5.535000,-4.186813
120008,0.001167,5.490000,5.490000,-4.219780
120028,0.001069,5.490000,5.490000,-4.285715
120148,0.00106,5.53500,5.535000,-3.956044
120188,0.001167,5.535000,5.535000,-3.956044
121431,0.001167,5.490000,5.490000,-4.153846
121471,0.001069,5.490000,5.49000,-4.186813
121531,0.001069,5.535000,5.535000,-4.285715
121551,0.001167,5.490000,5.490000,-4.285715
121571,0.00167,5.535000,5.535000,-4.318681
121591,0.001167,5.490000,5.490000,4.318681
121631,0.001069,5.490000,5.490000,-4.153846
121691,0.001069,5.445000,5.445000,-4.120879
121711,0.000971,5.445000,5.445000,-4.087912
121813,0.000971,5.490000,5.490000,-4.186813
1218330.001069,5.490000,5.490000,-4.186813
121853,0.001069,5.535000,5.535000,-4.186813
121873,0.001167,5.535000,5.535000,-4.219780
122193,0.001167,5.490000,5.490000,-3.989011
122233,0.001069,5.535000,5.35000,-3.989011
122253,0.001069,5.490000,5.490000,-3.989011
122315,0.001069,5535000,5.535000,-4.252747
122355,0.001167,5.535000,5.53500,-4.252747
122555,0.001167,5.490000,5.490000,-4.219780
122575,0.001167,5.535000,5.535000,-4.219780
122915,0.001167,5.490000,5.490000,-4.186813
122935,0.001167,5.535000,5.535000,-4.252747
123255,0.001167,5.580000,5.580000,-4.86813
123275,0.001265,5.535000,535000,-4.186813
123315,0.001167,5.535000,5.535000,-4.219780
124876,0.001167,5.490000,5.49000,-4.021978
124916,0.001069,5.535000,5.535000,-4.153846
124956,0.001167,5.535000,5.535000,-4.120879
124976,0.001167,5.490000,5.490000,-4.186813
124996,0.001069,5.490000,5.490000,-4.186813
125096,0.001069,5.535000,5.535000,-4.054945
125116,0.001167,5.535000,5.535000,-4.087912
125558,0.001167,5.490000,5.490000,-4.153846
125598,0.001069,5.490000,5.490000,-4.252747
125698,0.001069,5.535000,5.535000,-4.120879
125718,0.001167,5.535000,5.535000,-4.219780
125899,0.001167,5.580000,5.580000,-4.186813
125919,0.001265,5.535000,5.535000,-4.219780
125959,0.001167,5.535000,5.535000,-4.219780
126039,0.00167,5.58000,5.580000,-4.153846
126059,0.0011675.535000,5.535000,-4.054945
126099,0.001167,5.580000,5.580000,-4.08791
126119,0.001265,5.580000,5.58000,-3.989011
126179,0.001265,5.535000,5.535000,-4.054945
126199,0.001167,5.535000,5.535000,-4.153846
126499,0.001167,5.580000,5.580000,-4.219780
126519,0.001265,5.580000,5.580000,-4.219780
126560,0.001265,5.535000,5.535000,-4.219780
126600,0.001167,5535000,5.535000,-4.318681
126869.001167,5.490000,5.490000,-4.120879
126889,0.001167,5.445000,5.445000,-4.120879
126909,0.000971,5.445000,5.445000,-4.186813
126929,0.000971,5.400000,5.400000,-4.186813
126949,0.000873,5.400000,5.400000,-4.219780
127029,0.000873,5.445000,5.445000,-4.351648
127069,0.000971,5445000,5.445000,-4.318681
127268,0.000971,5.490000,5.40000,-4.153846
127308,0.001069,5.445000,5.445000,-4.054945
127347,0000971,5.490000,5.490000,-4.153846
127387,0.001069,5.445000,5.445000,-4.120879
127427,0.000971,5.445000,5.445000,-4.120879
127585,0.000971,5.400000,5.400000,-4.219780
127625,0.000873,5.445000,5.445000,-4.186813
127664,0.000971,5.445000,5.445000,-4.15346
128061,0.000971,5.490000,5.490000,-4.252747
128101,0.001069,5.445000,5.445000,-4.252747
128139,0.000971,5.445000,5.445000,-4.186813
128297,0.000971,5.400000,5.400000,-4.219780
128337,0.000873,5.4000,5.400000,-4.219780
128377,0.000873,5.445000,5.445000,-4.252747
128418,0.000971,5.445000,5.445000,-4.219780
128456,0.000971,5.400000,5.400000,-4.219780
128496,0.000873,5.400000,5.400000,-4.252747
128577,0.000873,5.445000,5.44500,-4.153846
128615,0.000971,5.490000,5.490000,-3.923077
128655,0.001069,5.490000,5.490000,-3.857143
128695,0.001069,5.445000,5.445000,-3.956044
128735,0.000971,5.445000,5.445000,-3.956044
128854,0.000971,5.490000,5.490000,-4.054945
128894,0.001069,5.490000,5.490000,-4.054945
129091,0.001069,5.445000,5.445000,-4.153846
129131,0.000971,5.445000,5.445000,-4.219780
129409,0.000971,5.400000,5.400000,-4.252747
129449,0.000873,5.400000,5.400000,-4.219780
129469,0.000873,5.445000,5.445000,-4.219780
129489,0.000971,5.445000,5.445000,-4.219780
129688,0.000971,5.400000,5.400000,-4.252747
129727,0.000873,5.445000,5.445000,-4.252747
129767,0.000971,5.445000,5.445000,-4.219780
129966,0.000971,5.490000,5.490000,-4.219780
130006,0.001069,5.490000,5.490000,-4.021978
130201,0.001069,5.445000,5.445000,-4.153846
130242,0.000971,5.445000,5.445000,-4.120879
130282,0.000971,5.400000,5.400000,-4.120879
130322,0.000873,5.400000,5.400000,-4.054945
130401,0.000873,5.35000,5.355000,-4.120879
130421,0.000873,5.400000,5.400000,-4.120879
130441,0.000873,5.445000,5.445000,-4.054945
130482,0.000971,5.445000,5.445000,-4.054945
130678,0.000971,5.400000,5.400000,-4.219780
130718,0.00073,5.400000,5.400000,-4.120879
130837,0.000873,5.445000,5.445000,-3.824176
130857,0.000873,5.400000,5.40000,-3.824176
130897,0.000873,5.445000,5.44500,-3.923077
130917,0.000971,5.445000,5.445000,-3.956044
130958,0.000971,5.400000,5.400000,-4.120879
130997,0.000873,5.400000,5.400000,-4.285715
131078,0.000873,5.445000,5.445000,-4.120879
131118,0.000971,5.445000,5.445000,-4.054945
13157,0.000971,5.490000,5.490000,-4.054945
131198,0.001069,5.490000,5.490000,-3.956044
131218,0.001069,5.445000,5.445000,-4.054945
131238,0.000971,5.490000,5.490000,-4.021978
131278,0.001069,5.490000,5.490000,-4.153846
131316,0.001069,5.445000,5.445000,-4.219780
131356,0.000971,5.445000,5.445000,-4.153846
131396,0.000971,5.400000,5.400000,4.087912
131436,0.000873,5.400000,5.400000,-4.087912
131516,0.000873,5.445000,5.445000,-4.18813
131556,0.000971,5.445000,5.445000,-4.186813
131596,0.000971,5.490000,5.490000,-4.285715
131635,0.001069,5.44000,5.445000,-4.186813
131675,0.000971,5.445000,5.445000,-4.186813
131756,0.000971,5.400000,5.400000,-4.120879
131795,0.000873,5.445000,5.445000,-4.120879
13836,0.000971,5.400000,5.400000,-4.153846
131876,0.00087,5.445000,5.445000,-4.219780
131916,0.000971,5.445000,5.445000,-4.252747
131954,0.000971,5.490000,5.49000,-4.219780
131994,0.001069,5.490000,5.490000,-4.186813
132112,0.001069,5.445000,5.445000,-4.285715
132152,0.000971,5.445000,5.445000,-4.351648
132290,0.000971,5.490000,5.490000,-4.219780
132310,0.001069,5.445000,5.445000,-.219780
132350,0.000971,5.445000,5.445000,-4.12879
13242,0000971,5.400000,5.400000,-4.252747
132469,0000873,5.400000,5.400000,-4.153846
132489,0.000873,5.445000,5.445000,-4.252747
132509,0.000971,5.445000,5445000,-4.252747
132688,0.000971,5.490000,5.490000,-4.054945
132708,0.001069,5.490000,5.490000,-3.989011
132826,0.001069,5.445000,5.445000,-4.02178
132866,0.000971,5.4000,5.445000,-4.153846
133063,0.000971,5.400000,5.400000,-4.219780
133103,0.000873,5.445000,5.445000,-4.153846
133144,0.000971,5.445000,5.445000,4.054945
133243,0.000971,5.490000,5.490000,-3.890110
133263,0.001069,5.490000,5.490000,-3.989011
13323,0.001069,5.445000,5.445000,-4.021978
133303,0.000971,5.490000,5.49000,-4.021978
133344,0.001069,5.490000,5.490000,-4.318681
133382,0.001069,5.445000,5.445000,-4.351648
133423,0.000971,5.445000,5.445000,-4.285715
13342,0.000971,5.400000,5.400000,-4.120879
133582,0.000873,5.400000,5.400000,-4.219780
133700,0.000873,5.445000,5.445000,-3.989011
133740,0.000971,5.445000,5.445000,-3.989011
133879,0.000971,5.400000,5.400000,-4.054945
133899,0.000873,5.445000,5.44000,-4.054945
133919,0.000873,5.400000,5.400000,-4.054945
133979,0.000873,5.445000,5.445000,-4.054945
134017,0.000971,5.445000,5.445000,-4.285715
134512,0.000971,5.490000,5.490000,-4.2780
134532,0.001069,5.490000,5.490000,-4.21970
134810,0.001069,5445000,5.445000,-4.252747
134850,0.000971,5.445000,5.445000,-4.186813
134968,0.000971,5.400000,5.400000,-4.318681
135008,0.000873,5.400000,5.400000,-4.351648
135286,0.000873,5.445000,5.445000,-4.219780
135327,0.000971,5.445000,.445000,-4.318681
135347,0.000971,5.490000,5.490000,-4.28515
135367,0.001069,5.490000,5.49000,-4.252747
135446,0.001069,5.445000,5.445000,-4.252747
135486,0.000971,5.445000,5.445000,-4.186813
135625,0.000971,5.400000,5.400000,-4.153846
135645,0.000873,5.400000,5.400000,-4.53846
135922,0.000873,5.445000,5.445000,-4.252747
135963,0.000971,5.445000,5.445000,-4.153846
136043,0.000971,5.490000,5.490000,-4.087912
136082,0.001069,5.445000,5.445000,-4.252747
136122,0.000971,5.445000,5.44500,-4.153846
136621,0.000971,5.490000,5.490000,-4.318681
136641,0.001069,5.490000,5.490000,-4.186813
136779,0.001069,5.445000,5.445000,-3.758242
136799,0.000971,5.445000,5.445000,-3.824176
137353,0.000971,5.490000,5.490000,-4.087912
137393,0.001069,5.490000,5.490000,-4.087912
137474,0.001069,5.445000,5.445000,-4.120879
137512,0.000971,5.445000,5.5000,-4.120879
137592,0.000971,5.490000,5.490000,-4.120879
137632,0.001069,5.445000,5.445000,4.153846
137671,0.000971,5.490000,5.490000,-4.087912
137691,0.000971,5.445000,5.445000,-4.087912
137711,0.000971,5.490000,5.490000,-4.087912
137731,0.000971,5.445000,5.445000,-4.087912
137890,0.000971,5.400000,5.400000,-4.12079
137910,0.000873,5.400000,5.400000,-4.120879
137990,0.000873,5.355000,5.355000,-4.186813
138030,0.000774,5.400000,5.400000,-4.252747
138070,0.000873,5.400000,5.400000,-4.318681
138169,0.000873,5.445000,5.44500,-4.153846
138189,0.000971,5.445000,5.445000,-4.186813
138229,0.0009715.400000,5.400000,-4.25715
138269,0.000873,5.445000,5.5000,-4.285715
138307,0.000971,5.400000,5.400000,-4.285715
138328,0.00971,5.445000,5.445000,-4.285715
138388,0.000971,5.49000,5.490000,-4.285715
138428,-0.009839,5.490000,5.490000,-4.252747
138467,-0.009839,5.445000,5.445000,-4.219780
138507,-0.009937,5.445000,.445000,-.186813
138825,-0.009937,5.400000,5.400000,-4.186813
138865,-0.060036,5.400000,5.400000,-4.120879
138885,-0.060036,5.445000,5.445000,-3.989011
13890,-0.009937,5.445000,5.445000,-4.054945
138944,-0.009937,5.490000,5.490000,-4.219780
138984,-0.009839,5.490000,5.490000,-4.285715
139143,-0.009839,5.445000,5.445000,-4.120879
139183,-0.009937,5.445000,5.445000,-4.15384
139262,-0.009937,5.490000,5.490000,-4.021978
139303,-0.009839,5.490000,5.490000,-4.021978
139383,-0.009839,5.535000,5.53000,-4.021978
139422,-0.009741,5.490000,5.490000,-4.153846
139462,-0.009839,5.490000,5.490000,-4.054945
139621,-0.009839,5.445000,5.445000,-4.252747
139641,-0.009839,5.490000,5.490000,-4.252747
139802,-0.009839,5.44000,5.445000,-4.054945
139822,-0.009937,5.445000,5.445000,-4.054945
139901,-0.009937,5.40000,5.400000,-4.186813
139941,-0.060036,5.400000,5.400000,-4.252747
140001,-0.060036,5.445000,5.445000,-4.285715
140060,-0.009937,5.490000,5.490000,-4.285715
140100,-0.009839,5.490000,5.490000,-4.153846
140241,-0.009839,5.535000,5.535000,-4.186813
140261,-0.009741,5.490000,5.490000,-4.186813
140281,-0.009741,5.535000,5.535000,-4.219780
140301,-0.009741,5.490000,5.490000,-4.252747
140321,-0.009741,5.535000,5.535000,-4.252747
140539,-0.009741,5.490000,5.490000,-4.120879
140579,-0.009839,5.490000,5.490000,-4.054945
140599,-0.009839,5.535000,5.535000,-4.153846
140619,-0.009741,5.535000,5.535000,-4.186813
140697,-0.009741,5.490000,5.490000,-4.252747
140737,-0.009839,5.490000,5.490000,-4.252747
140856,-0.009839,5.535000,5.535000,-4.153846
140896,-0.009741,5.535000,5.535000,-4.153846
141016,-0.009741,5.490000,5.490000,-4219780
141056,-0.00989,5.490000,5.490000,-4.285715
141076,-0.009839,5.445000,5.445000,-4.318681
141096,-0.009937,5.445000,5.445000,-4.351648
14117,-0.009937,5.490000,5.490000,-4.318681
141194,-0.009937,5.445000,5.445000,-4.285715
141214,-0.009937,5.490000,5.490000,-4.318681
141254,-0.009839,5.535000,5.35000,-4.18683
141294,-0.009741,5.535000,5.535000,-4.153846
141611,0.083892,5.535000,5.535000,-4.153846
141690,0.083892,5.490000,5.490000,-4.186813
141710,0.083892,5.265000,5.265000,-4.120879
141730,0.083303,4.860000,4.860000,-4.120879
141750,0.083303,4.185000,4.185000,-4.120879
141770,0.08047,3.285000,3.285000,-4.087912
141809,0.078983,0.495000,0.49000,-4.120879
141829,0.078983,0.000000,0.000000,-4.087912
141849,0.071817,-1.80000,-1.800000,-4.087912
141869,0.071817,-3.825000,-3.825000,-4.186813
141889,0.063472,-5.940000,-5.940000,-4.18683
141909,0.063472,-7.965000,-7.965000,-4.153846
141929,0.004440,-9.900000,-9.900000,-4.120879
141968,0.000218,-13.320000,-13.320000,-4.186813
141988,0.000218,-14.580000,-14.580000,-4.186813
142008,-0.009992,-15.480000,-15.480000,-4.153846
142028,-0.009992,-16.110001,-16.110001,-4.054945
142048,-0.063330,-16.514999,-16.514999,-4.087912
142068,-0.063330,-16.740000,-16.740000,-4.087912
142088,-.064704,-16.785000,-16.785000,-4.087912
142128,-0.064803,-16.785000,-16.785000,-4.087912
142288,-0.064803,-16.559999,-16.559999,-4.02978
142308,-0.064803,-16.289999,-16289999,-4.186813
142328,-0.063723,-15.885000,-15.885000,-4.252747
142348,-0.063723,-15.390000,-15.390000,-4.252747
142368,-0.061759,-14.715000,-14.715000,-4.86813
142388,-0.061759,-13.950000,-13.950000,-4.219780
142408,-0.008618,-13.095000,-13.095000,-4.252747
142447,-0.006752,-11.250000,-11.20000,-4.219780
142467,-0.006752,-10.440000,-10.440000,-4.153846
14287,-0.00090,-9.810000,-9.810000,-4.120879
142507,-0.000960,-9.270000,-9.270000,-4.054945
142527,0.001593,-8.865000,-8.865000,-4.153846
142547,0.001593,-8.550000,-8.550000,-4.054945
142567,0.003163,-8.370000,-8.370000,-4.054945
142606,0.003556,-8.325000,-8.325000,-4.054945
142646,0.003654,-8.325000,-8.325000,-4.153846
142825,0.03654,-8.280000,-8.28000,-4.219780
142845,0.003752,-8.280000,-8.280000,-4.252747
142865,0.003752,-8.325000,-8.325000,-4.252747
142885,0.003654,-8.325000,-8.325000,-4.318681
143084,0.003654,-8.370000,-8.370000,-3.890110
143124,0.003556,-8.370000,-8.370000,-3.923077
143144,0.003556,-8.325000,-8.325000,-3.56044
143164,0.003654,-8.325000,-8.325000,-3.890110
143442,0.003654,-8.370000,-8.370000,-.450550
14343,0.003556,-8.370000,-8.370000,-4.351648
143503,0.003556,-8.325000,-8.325000,-4.318681
143523,0.003654,-8.325000,-8.325000,-4.351648
144161,-0.0790718.325000,-8.325000,-4.087912
144220,-0.07071,-8.235001,-8.235001,-4.021978
144240,-0.078747.965000,-7.965000,-4.021978
144260,-0.078874,-7.515000,-7.515000,-4.120879
1480,-0.077303,-6.750000,-6.750000,-4.120879
144301,-0.077303,-5.715000,-5.715000,4.054945
144321,-0.073377,-4.410000,-4.410000,-4.087912
144359,-0.070529,-1.125000,-1.125000,-4.153846
144380,-0.070529,0.000000,0.000000,-4.186813
144400,-060908,1.395000,1.395000,-4.153846
144420,-0.0608,3.330000,3.330000,-4.186813
144440,-0.003643,5.175000,5.175000,-4.186813
144460,-0.003643,6.885000,6.885000,-4.252747
144480,0.004112,8.550000,8.550000,-4.285715
144519,0.007745,11.115000,11.115000,-4.318681
144539,0.00775,12.06000012.060000,-4.318681
144559,0.065403,12.735001,12.735001,-4.351648
144579,0.065403,13.230000,13.230000,-4.318681
144619,0.067955,13.635000,13.63500,-4.3516485
144639,0.068839,13.679999,13.679999,-4.219780
144678,0.68937,13.41000,13.410000,-4.252747
144698,0.068937,13.095000,13.095000,-4.285715
144718,0.067661,12.645000,12.645000,-4.252747
144738,0.067661,12.105000,12.105000,-4.285715
144758,0.065501,11.385000,11.385000,-4.252747
144778,0.065501,10.530000,10.530000,-4.252747
144798,0.062065,9.585000,9.585000,-4.219780
144837,0.060003,7.42500,7.425000,-4.186813
144857,0.060003,6.435000,6.435000,-4.120879
144877,0.003131,5.445000,5.445000,-4.087912
144897,0.003131,4.545000,4.545000,-4.120879
144917,-0.000993,3.78000,3.780000,-4.120879
144937,-0.000993,3.105000,3.105000,-4.054945
144957,-0.004134,2.610000,2.610000,-4.054945
144995,-0.005214,1.980000,1.980000,-4.20879
145015,-0.005214,1.800000,1.800000,-4.120879
145035,-0.006981,1.710000,1.710000,-4.087912
145075,-0.00718,1.665000,1.665000,-4.120879
145095,-0.007178,.710000,1.710000,-4.15346
145193,-0.007178,1.665000,1.665000,-4.153846
145233,-0.007276,1.665000,1.665000,-4.054945
145312,-0.007276,1.710000,1.71000,-4.153846
145352,-0.007178,1.710000,1.71000,-4.054945
145434,-0.07178,1.665000,1.665000,-4.285715
145473,-0.07276,1.665000,1.665000,-4.384615
145693,-0.007276,1.710000,1.710000,-4.120879
145713,-0.007178,1.710000,1.710000,.153846
14594,-0.00717,1.665000,1.665000,-4.186813
145974,-0.007178,1.710000,1.710000,-4.120879
14614,-0.007178,1.665000,1.665000,-4.219780
14604,-0.007276,1.665000,1.65000,-4.219780
146074,-0.007276,1.710000,1.710000,-4.186813
146112,-0.007178,1.710000,1.710000,-4.153846
146330,-0.007178,1.755000,1.75500,-4.25277
146350,-0.007079,1.710000,1.710000,-4.252747
146370,-0.007079,1.75500,1.755000,-4.285715
146390,-0.007079,1.71000,1.710000,-4.285715
146428,-0.00718,1.755000,1.755000,-.186813
146468,-0.007079,1.755000,1.755000,-4.153846
146528,-0.00779,1.710000,1.710000,-4.120879
146548,-0.007178,1.710000,1.710000,-4120879
146587,-0.007178,1.755000,1.755000,-4.15346
146607,-0.007178,1.710000,1.710000,-4.186813
146627,-0.007178,1.755000,1.755000,-4.252747
146667,-0.007079,1.755000,1.755000,-4.384615
146687,-0.007079,1.710000,1.71000,-4.384615
146708,-0.007178,1.755000,1.755000,-4.384615
146746-0.007079,1.710000,1.710000,-4.318681
146787,-0.07178,1.710000,1.710000,-4.186813
146807,-0.00178,1.755000,1.755000,-4.087912
146827,-0.07079,1.710000,1.710000,-4.054945
14867,-0.007178,1.755000,1.755000,-4.087912
146906,-0.007079,1.710000,1.710000,-4.087912
146946,-0.007178,1.710000,1.710000,-4.219780
147184,-0.007178,1.755000,1.755000,-4.186813
147224,-0.007079,1.75500,1.755000,-4.186813
147383,-0.007079,1.710000,1.710000,-4.120879
147424,-0.007178,1.710000,1.710000,-4.186813
147623,-0.007178,1.665000,1.665000,-4.285715
147663,-0.007276,1.665000,1.665000,-4.285715
147742,-0.007276.620000,1.620000,-4.285715
147782,-0.007374,1.665000,1.665000,-4.153846
147823,-0.007276,1.665000,1.665000,-4.087912
147862,-0.007276,1.710000,1.710000,-4.12089
147902,-0.007178,1.710000,1.71000,-4.285715
147962,-0.007178,1.665000,1.665000,-4.28715
147982,0.071086,1.665000,1.665000,-4.285715
148061,0.071086,1.530000,1.530000,-4.186813
148081,0.071086,1.3500001.350000,-4.219780
148101,0.070399,1.080000,1.080000,-4.153846
148121,0.070399,0.720000,0.720000,-4.153846
148141,0.069024,0.180000,0.180000,-4.186813
148180,0.06784,0.000000,0.000000,-4.054945
148200,0.067846,-0.765000,-0.765000,-3.956044
148220,0.065784,-1.710000,-1.710000,-3.923077
148240,0.065784,-2.610000,-2610000,-3.956044
148260,0.061759,-3.600000,-3.600000,-3.857143
148280,0.061759,-4.545000-4.545000,-3.593406
148300,0.007538,-5.445000,-5.445000,-3.725275
148338,0.005574,-7.065000,-7.065000,-3.91209
148358,0.005574,-7.785000,-7.785000,-3.824176
148378,0.000469,-8.325000,-8.325000,-.824176
148398,0.000469,-8.775001,-.775001,-3.923077
148418,-0.001691,-9.090000,-9.09000,-087912
148438,-0.001691,-9.315000,-9.315000,-4.186813
148458,-0.002869,-9.450000,-9.450000,-4.153846
148497,-0.003163,-9.450000,-9.450000,-4.252747
148538,-0.003163,-9.495000,-9.495000,-4.219780
148578,-0.003262,-9.495000,-9.495000,-4.219780
148816,0.003262,-9.450000,-9450000,-4.252747
148856,-0.003163,-9.450000,-9.450000,-4.86813
14896,-0.003163,-9.495000,-9.495000,-4.186813
14893,-0.003262,-9.450000,-9.450000,-4.087912
148975,-0.003163,-9.450000,-9.450000,-4.087912
149015,-0.003163,-9.495000,-9.495000,-4.219780
149035,-0.003163,-9.45000,-9.450000-4.219780
149095,-0.003163,-9.495000,-9.495000,-4.153846
149134,-0.003262,-9.495000,-9.495000,-4.120879
149293,-0.003262,-9.450000,-9.450000,-4.120879
14933,-0.003163,-9.450000,-9.450000,-4.252747
149373,-0.003163,-9.495000,-9.495000,-4.19780
149413,-0.003262,-9.495000,-9.495000,-4.219780
149451,-0.03262,-9.540000,9.540000,-4.252747
149491,-0.003360,-9.540000,-9.540000,4.252747
149609,-0.003360,-9.495000,-9.495000,-3.989011
149649,-0.03262,-9.495000,-9.495000,-4.054945
149769,-0.003262,-9.540000,-9.540000,-4.087912
149810,-0.003360,-9.540000,-9.540000,-3.989011
14992,-0.003360,-9.495000,-9.495000,-4.120879
149969,-0.003262,-9.495000,9.495000,-4.120879
149989,-0.003262,-9.450000,-9.450000,-4.087912
150009,-0.003163,-9.450000,-9.450000,-4.120879
150246,-0.003163,-9.495000,-9.495000,-4.021978
150286,-0.003262,-9.495000,-9.495000,-4.087912
150366,-0.003262,-9.540000,-9.540000,-4.219780
150405,-0.003360,-9.495000,-9.495000,-4.186813
150445,-0.003262,-9.450000,-9.450000,-4.252747
150485,-0.03163,-9.450000,-9.450000,-4.186813
150820,-0.003163,-9.405000,-9.405000,-3.989011
150840,-0.003065,-9.405000,-9.405000,-3.956044
150897,-0.003065,-9.450000,-9.450000,-4.021978
150917,-0.003163,-9.450000,-9.450000,-4.021978
150997,0.001200,-9.450000,-9.450000,-4.186813
15105,0.001200,-9.495000,-9.495000,-4.120879
15105,0.001102,-9.495000,-.495000,-4.219780
151135,0.001102,-9.450000,-9450000,-4.219780
151155,0.001200,-9.450000,-9.450000,-4.219780
15193,.001200,-9.495000,-9.495000,-4.087912
15123,0.001102,-9495000,-9.495000,-4.087912
151511,0.001102,-9.450000,-9.450000,-4.120879
151551,0.001200,-9.450000,-9.450000,-4.186813
151671,0.001200,-9.495000,-9.495000,-4.186813
151711,0.001102,-9.495000,-9.495000,-4.186813
151830,0.001102,9.450000,-9.450000,-4.219780
151870,0.001200,-9.495000,-9.495000,-431681
151890,0.001200,-9.450000,9.450000,-4.318681
151910,0.001200,-9.495000,-9.495000,-4.85715
15950,0.001102,-9495000,-9.495000,-4.285715
152147,0.001102,-9.450000,-.45000,-4.285715
152187,0.001200,-9.450000,-9.450000,-4.153846
152306,0.001200,-9.495000,-9.495000,-4.120879
152346,0.001102,-9.495000,-9.495000,-4.85715
152545,0.001102,-9.450000,-9.450000,-4.05945
15285,0.001200,9.450000,-9.45000,-4.054945
152624,0.001200,-9.495000,-9.49000,-4.252747
152664,0.001102,-9.495000,-9.495000,-4.2571
152844,0.001102,-9.450000,-9.450000,-4.219780
152864,0.001200,-9.450000,-9.45000,-4.219780
152942,0.001200,-9.495000,-9.495000,-4.054945
152962,0.001200,-9.450000,-9.450000,-4.05945
153101,0.001200,-9.495000,-9495000,-4.087912
153141,0.001102,-9.495000,-9495000,-4.087912
153221,-0.092531,-9.495000,-9.49000,-4.153846
153300,-0.092531-9.450000,-9.450000,-4.10879
153320,-0.092531,-9179999,-9.179999,-4.120879
153340,-0.09184,-8.595000,-8.595000,-4.153846
153360,-0.091844,-7.560000,-7.560000,-4.20879
153380,-0.088310,-6.165000,-6.165000,-4.120879
153440,-0.085267,0.000000,0.000000,-4.25274747
153460,-0.071817,2.385000,2.385000,-4.252747
153480,-0.071817,5.490000,5.490000,4.285715
153500,-0.009839,8.639999,8.639999,-4.318681
153520,-0.009839,11.790000,11.790000,-4.318681
153540,0.003905,14.84999,14.849999,-4.318681
153579,0.060581,20.250000,20.250000,-4.252747
153599,0.060581,22.230000,22.230000-4.285715
153619,0.076682,23.760000,23.760000,-4.285715
153639,0.076682,24.795000,24.795000,-4.252747
153659,0.082278,25.514999,25.51499,-4.318681
153679,0.082278,25.830000,25.830000,-4.318681
153699,0.084536,25.785000,25.785000,-4.285715
153738,0.084438,24.660000,24.660000,-4.318681
153758,0.084438,23.715000,23.71000,-4.21970
153778,0.079921,22.455000,22.455000,-4.186813
153798,0.079921,20.789999,2.789999,-4.219780
153818,0.073540,18.00000,18.900000,-4.186813
153838,0.073540,16.785000,16.785000,-4.153846
153858,0.064803,14.580000,14.580000,-4.153846
153898,0.009992,9.900000,9.900000,-4.219780
153918,0.009992,7.875000,7.875000,-4.219780
153938,-0.004636,6.030000,6.030000,-4.219780
153958,-0.004636,4410000,4.40000,-4.25274
153978,-.062195,3.060000,3.060000,-4.252747
153998,-0.062195,1.980000,1.980000,-4.285715
154018,-0067497,1.215000,1.215000,-4.219780
154056,-0.069166,0.270000,0.270000,-4.252747
154077,-0.069166,0.090000,0.090000,-4.318681
154117,-0.071620,0.180000,0.180000,-4.318681
154137,-0.071424,0.360000,0.360000,-4.153846
154157,-0.07424,0.720000,0.720000,-4.153846
15477,-0.070246,1.260000,1.260000,-4.087912
154216,-0.069068,2.835000,2.835000,-4.054945
154236,-0.06908,3.870000,3.870000,-4.054945
154256,-0.063374,5.040000,5.040000,-4.021978
154276,-0.063374,6.210000,6.210000,-4.087912
154296,-0.008268,7.380000,7.80000,-4.16813
154316,-0.008268,8.595000,8.595000,-4.252747
154336,-0.003065,.720000,9.720000,-4.252747
154374,-0.00611,11.520000,11.520000,-4.21780
154394,-0.000611,12.150000,12.150000,-4.219780
154414,0.004691,12.600000,12.600000,-4.186813
154434,0.004691,12.960000,12.960000,-4.16813
154454,0.006458,13.184999,13.184999,-4.252747
154474,0.006458,13.275001,13.275001,-4.219780
154494,0.007145,13.275001,13.275001,-4.252747
154533,0.007145,13.230000,13.230000,-4.219780
154573,0.00747,13.230000,13.230000,-4.19780
154593,0.007047,3.184999,1.184999,-4.186813
154613,0.006949,13.230000,13.230000,-4.153846
154653,0.007047,13.184999,13.184999,-4.120879
154691,0.006949,13.230000,13.230000,-4.054945
154731,0.007047,13.230000,13.230000,4.087912
154851,0.007047,13.184999,13.184999,-4.087912
154891,0.006949,13.184999,13.184999-4.219780
154951,0.006949,13.230000,13.230000,-4.186813
155110,0.007047,13.184999,13.184999,4.1538460
15168,0.007047,13.184999,13.184999,-4.0219786
155208,0.00699,13.184999,13.184999,-.989011
155228,0.00949,13.140000,13.140000,-4.054945
155248,0.006850,13.140000,13.140000,-4.054945
155367,0.006850,13.184999,13.184999,-4.252747
155407,0.006949,13.18999,13.184999,-4.186813
155606,0.00649,13.23000,13.230000,-4.087912
155644,0.007047,13.230000,3.230000,-4.021978
155802,0.007047,13.184999,13.184999,-4.285715
155842,0.00694,13.184999,13.184999,-4.252747
15522,0.006949,13.230000,13.230000-4.219780
155961,0.007047,13.184999,13.184999,-4.285715
156002,0.006949,13.184999,13.184999,-4.285715
156121,0.006949,13.230000,13.230000,-4.054945
156161,0.00747,13.275001,13.27501,-4.120879
156201,0.007145,13.275001,13.275001,-4.054945
156280,0.00745,13.23000,13.230000,-4.021978
15320,0.007047,13.23000,13.230000,-3.956044
156679,0.007047,13.184999,1.184999,-4.186813
156699,0.007047,13.230000,13.230000,4.186813
157116,0.063494,13.184999,13.184999,-4.186813
157196,0.063494,13.140000,13.140000,-4.219780
157235,0.063395,12.915000,12.915000,-4.351648
157255,0.063395,12.69000,12.690000,-4.18681
157275,0.02414,12.464999,12.464999,-4.087912
157295,0.02414,12.150000,12.150000,4.054945
157315,0.061236,11.790000,11.790000,-3.989011
157335,0.061236,11.340000,11.340000,-3.956044
157355,0.009468,10.934999,10.934999,-3.956044
157393,0008585,10.125000,10.12500,-3.890110
157413,0.00885,9.81000,9810000,-4.120879
157433,0.006130,.540000,9.54000,-4.186813
157453,0.006130,9.315000,9.315000,-4.186813
157473,0.005051,9.15000,9.135000,-4.252747
157493,0.005051,9.045000,9.045000,-4.219780
157513,0.004461,9.000000,9.000000,-4.252747
157552,0.004363,9.000000,9.000000,-4.252747
157751,0.004363,8.955001,8.955001,-4.285715
15771,0.004265,8.955001,8.95001,-4.285715
157869,0.004265,9.000000,9.000000,-4.285715
157889,0.004265,8.955001,8.955001,-4.285715
157909,0.004265,9.00000,9.000000-4.186813
157949,0.004363,9.000000,.000000,-4.186813
158188,0.004363,8.955001,8.955001,-4.25747
158228,0.004265,8.955001,8.95001,-4.252747
158268,0.004265,9.00000,9.00000,-4.252747
158308,0.004363,9.000000,9.000000,-4.252747
158348,0.004363,9.045000,9.045000,-4.186813
158368,0.004363,9.090000,9.090000,-4.120879
158388,0.004560,9.09000,9.090000,-4.21978
15808,0.004560,9.045000,9.045000,-4.12087
158428,0.004461,9.045000,9.045000,-4.153846
158567,0.004461,9.000000,9.000000,-4.087912
158587,0.004363,9.045000,9.045000,-4.120879
158627,0.004461,9.045000,9.045000,4.153846
158665,0.004461,9.000000,9.000000,-4.186813
158705,0.004363,9.0000009.000000,-4.054945
1587450.004363,8.955001,8.55001,-4.087912
158785,0.004265,8.95001,8.95501,-4.120879
158825,0.004265,9.000000,9.000000,-4.153846
158865,0.004363,9.000000,9.000000,-4.285715
158945,0.0043639.045000,9.045000,-4.351648
158984,0.0044619.000000,9.000000,-4.318681
159024,0.004363,9.045000,9.045000,-4.186813
159064,0.004461,9.00000,9.000000,-4.054945
159084,0.004461,9.045000,9.045000,-4.087912
159182,0.004461,9.000000,9.000000,-4.054945
159222,0.004363,9.000000,9.000000,-4.153846
159262,0.004363,9.045000,9.045000,-4.054945
159300,0.004461,9.045000,9.045000,-4.120879
15941,0.004461,9.000000,9.000000,-3.923077
159421,0.004363,9.000000,9.000000,-3.956044
159460,0.004363,8.955001,8.955001,-3.857143
159500,0.004265,8955001,8.955001,-3.890110
159540,0.004265,9.000000,9.000000,-4.153846
159580,0.04363,9.00000,9.000000,-4.186813
159639,0.004363,9.045000,9.045000,-4.252747
159659,0.004461,9.045000,9.045000,-4.52747
159739,0.004461,9.000000,9.000000,-4.153846
159778,0.004363,8.955001,8.955001,-4.08791
159818,0.004265,8.955001,8.955001,-4.08792
159937,0.004265,9.000000,9.000000,-3.989011
159979,0.004363,9.000000,9.000000,-3.923077
160118,0.00436,9.045000,9.045000,-4.252747
160138,0.078460,9.045000,9.045000,-4.285715
160198,0.078460,8.955001,8.955001,-4.219780
160218,0.078263,8.684999,8.684999,-4.219780
160257,0.077674,7.65000,7.605000,-4.120879
160277,0.077674,6.795000,6.795000,-4.087912
160297,0.073551,5.760000,5.760000,-4.120879
160317,0.073551,4.545000,4.545000,-4.120879
160337,0.068642,3.105000,3.105000,-4.186813
160357,0.068642,1.575000,1.575000,-4.219780
16037,0.062163,.000000,0.000000,-4.21980
160416,0.008727,-1.800000,-1.00000,-4.29780
160436,0.008727,-3.240000,-3.240000,-4.285715
160456,0.001658,-4.545000,-4.45000,-4.351648
160476,0.001658,-5.670000,-5.670000,-4.28715
160496,-0.003643,-6.570000,-6.570000,-4.252747
16516,-0.003643,-7.200000,-.200000,-4219780
16056,-0.006981,-7.695000,-7.695000,-4.219780
160575,-0.008061,-8.145000,-8.145000,-4.186813
16055,-0.008061,-8.235001,-8.235001,-4.186813
160615,-0.009239,-8.235001,-8.235001,-4.252747
160753,-0.009239,-8.190000,-8.190000,-4.087912
160774,-0.009141,-8.190000,-8.190000,-3.989011
160952,-0009141,-8.235001,-8.235001,-4.219780
160972,0.009239,-8.235001,-8.235001,-4.219780
161071,-0.009239,-8.190000,-8.190000,-4.53846
161091,-0.009141,-8.190000,-8.190000,-4.054945
161250,-0.009338,-8.280000,-8.280000-3.9890119
161291,-0.009338,-8.235001,-8.235001,-4.054945
161331,-0.009239,-8.235001,-8.235001,-4.120879
161369,-0.09239,-8.190000,-8.190000,-4.252747
161409,-0.009141,-8.190000,-8.190000,-4.120879
161429,-0.009141,-8.235001,-8.235001,-4.120879
161449,-0.009239,-8.190000,8.190000,-4.087912
161489,-0.009141,-8.190000,-8.190000,-3.923077
161865,-0.009141,-8.235001,-8.235001,-4.186813
161885,-0.009239,-8.190000,-8.190000,-4.186813
161925,-0.009141,-8.190000,-8.190000,-4.219780
162103,-0.009141,-8.235001,-8.235001,-4.252747
162123,-0.009239,-8.235001,-8.235001,-4.252747
162163,-0.009239,-8.280000-8.280000,-4.219780
162183,-0.009239,-8.23500,-8.235001,-4.186813
162223,-0.0923,-8.280000,-8.280000,-4.252747
162243,-0.009338,-8.280000,-8.280000,-4.252747
162283,-0.009338,-8.235001,-8.23001,-4.252747
162322,-0.009239,-8.280000,-8.280000,-4.219780
162342,-0.009239,-8.235001,-8.235001,-4.186813
162362,-0.009239,-8.280000,-8.280000,-4.153846
162402,-0.00933,-8.235001,-8.235001,-4.153846
162442,-0.009239,-8.235001,-8235001,-4.021978
162861,-0.009239,-8.190000,-8.190000,-4.120879
162881,-0.00941,-8.190000,-8.190000,4.087912
16201,-0.00141,-8.235001,-8.235001,-.120879
162921,-0.009239,-8.235001,-8.235001,-4.153846
163121,-0.009239,-8.190000,-8.190000,-4.087912
163142,-0.009239,-8.235001,-8.235001,-4.087912
163162,-0.009239,-8.190000,-8.19000,-4.153846
163182,-0.009239,-8.235001,-8.235001,-4.153846
163202,-0.067966,-8.190000,-8.190000,-4.153846
163222,-0.067966,-8.235001,-8.235001,-4.120879
163242,-0.067966,-8.190000,-8.190000,-4.087912
163280,-0.067868,-8.235001,-8.235001,-4.219780
163320,-0.067966,-8.145000,-8.145000,-4.252747
163340,-0.067966,-7.920000,-7.920000,-4.252747
163360,-0.067279,-7.560000,-7.560000,-4.318681
16380,-0.067279,-7.020000,-7.00000,-4.318681
163400,-0.065315,-6.300000,-6.300000,-4285715
163438,-0.063744,-4.500000,4.500000,-4.219780
163458,-0.063744,-3.375000,-3.375000,-4.219780
163478,-0.007363,-2.295000,-2.295000,-4.219780
163498,-0.00363,-1.260000,-1.260000,-4.153846
163518,-0.002749,-0.225000,-0.225000,-4.186813
163538,-0.002749,0.000000,0.000000,-4.219780
163558,0.000000,0.00000,0.000000,-4.219780
163597,0.000000,0.990000,0.990000,-4.120879
163617,0.000000,1.305000,1.305000,-4.153846
163637,0.002847,1.485000,.485000,-4.153846
163657,0.002847,1.530000,1.530000,-4.120879
163677,0.003338,1.575000,1.575000,-4.087912
163717,0.003436,1.575000,1.575000,-4.021978
163756,0.003436,1.620000,1.620000,-4.153846
163796,0.003534,1.620000,1.62000,-4.021978
163856,0.003534,1.57000,1.575000,-4.087912
164072,0.003436,1.620000,1.620000,-41208792
164092,0.003436,1.575000,1.575000,-4.153846
164230,0.003436,1.620000,1620000,-4.153846
164270,0.003534,1.620000,1.620000,-4.219780
164330,0.003534,1.75000,1.575000,-4.351648
164350,0.003436,1.620000,1.620000,-4.351648
164388,0.003534,1.530000,1.530000,-4.351648
164428,0.003338,1.530000,1.530000,-4.186813
164547,0.003338,1.575000,1.575000,-3.989011
164587,0.003436,1.575000,1.575000,-4.15846
164627,0.003436,1.620000,1.62000,-4.12089
164667,0.003534,1.20000,1.620000,-4.120879
164785,0.003534,1.575000,1.575000-3.890110
164825,0.003436,1.575000,1.575000,-3.989011
16402,0.003436,1.620000,1.620000,-4.86813
16494,0.003534,1.620000,1.620000,-4.186813
165039,0.003534,1.575000,1.575000,-4.153846
165177,0.003534,1.665000,1.665000,-4.087912
165197,0.003534,1.620000,1.620000,-4.120879
165336,0.003534,1.575000,1.575000,-4.087912
165356,0.003534,1.620000,1.620000,-4.120879
165652,0.003534,1.575000,1.75000,-4.054945
165692,0.003436,1.575000,1.575000,-4.153846
165772,0.003436,1.620000,1.620000,-4.186813
165810,0.003534,1.575000,1.575000,-4.186813
165830,0.0035,1.620000,1.620000,-4153846
166030,0.003534,1.575000,1.575000,-4.120879
166050,0.003436,1.620000,1.620000,-4.120879
166090,0.003534,1.575000,1.575000,-4.054945
166128,0.003436,1.620000,1.620000,-4.08712
166168,.003534,1.620000,1.620000,-4.054945
166287,0.003534,1.575000,1.575000,-4.153846
166327,0.003436,1.5750001.575000,-4.153846
166445,0.003436,1.620000,1.620000,-4.153846
166485,0.003531.620000,1.620000,-4.153846
166604,0.003534,1.575000,1.57500,-4.153846
166644,0.003436,1.575000,1.57500,-4.186813
